0.11866658
0.041434348
0.13717276
0.12804417
0.10234968
0.17627288
0.12721035
-0.009866148
0.2569794
-0.059517857
-0.0010053664
0.12196513
0.05195116
-0.04281292
-0.011770494
0.104585394
0.018488348
0.11217933
0.08471803
0.31015432
0.20313701
0.041778542
0.13463633
0.040258665
0.08700733
0.13048601
0.04896154
0.14595138
-0.062220518
0.035231665
0.24574725
0.03833731
0.2621669
0.2110514
-0.009606607
-0.07247438
-0.035198733
0.052544154
0.12266309
0.100589275
0.3131412
0.15657452
0.093468465
0.20960028
0.095815174
0.13225104
0.0637757
0.119941376
-0.022659078
0.13453571
0.19806887
-0.038792625
0.0023927018
-0.0014191456
0.12601615
0.105223805
0.12704891
0.15841472
0.11457453
0.20306207
0.16859064
0.07446687
0.033618312
0.06606562
-0.020672772
0.053645894
0.07407084
0.08941753
0.2088275
0.10510573
0.015214473
0.1498347
0.04151885
-0.016395465
-0.014606878
0.061118945
-0.079921864
0.124254644
0.08014405
-0.01598122
0.09521342
0.2492328
-0.010253087
0.15927854
0.18243454
0.16048622
-0.01703088
0.014689326
0.22231138
-0.041520044
-0.10187457
0.061349828
0.13002771
0.07897861
0.047703862
0.09163212
0.12620707
0.08752188
-0.019229889
0.08418986
0.031908743
0.1452391
0.009607375
-0.09107111
0.13633727
0.15713869
-0.08864951
0.23428382
0.04009801
0.07858909
0.09441909
0.044411257
0.009439595
0.029242083
0.045995608
0.116626404
-0.009923883
-0.044450946
-0.05696376
0.16934729
0.045090806
0.029974189
0.17067349
0.10968057
-0.2323497
0.18255153
0.07296004
0.0017411113
0.25424445
0.21538657
0.030838244
0.25796166
0.29696757
0.15221842
0.23597038
0.177649
0.09945366
0.042127475
0.10158568
0.16559534
0.15340075
0.122424304
0.30704898
0.014487523
0.11134454
0.12788428
-0.043213688
0.06541335
0.13844438
0.20786268
-0.011215456
0.07785811
-0.15955108
-0.0054114833
0.17399997
0.15311697
0.16239461
0.21083057
0.1539725
-0.01520545
0.0413043
-0.08523876
0.20888641
0.048603475
0.07922598
0.23177814
-0.14050287
0.10627659
0.10144293
-0.005835749
0.2427375
0.13917486
0.14243884
0.13033545
0.022124767
0.1242931
0.08484815
0.13894019
0.20727463
0.21043076
0.04933892
0.250455
0.077405624
-0.15154065
0.052421585
0.07377176
0.04099457
-0.07851317
0.27971345
0.1028474
0.16486977
0.25132802
0.034181297
0.07234812
0.09063744
-0.07741718
-0.06863061
0.24650444
0.06679481
-0.15493259
0.06642571
0.28724173
-0.19096103
0.13748
0.041757256
0.051974915
-0.07540466
0.035224207
0.03545909
0.12325057
-0.0958045
0.03728871
0.08083222
0.27519032
0.09573748
0.076025315
0.17357814
-0.007974826
0.16919404
0.14591525
-0.056218885
-0.0393452
0.04597991
0.06632809
0.14215419
0.15762684
0.23352896
0.20338114
0.18490608
0.10683736
0.15491064
-0.03449881
0.09412349
0.09305075
0.15353703
0.13331713
0.03250827
-0.007827178
0.14728762
-0.048608437
0.030883178
0.073958814
0.23512165
0.21353047
0.066310436
0.14921406
0.15192531
0.15710229
0.10598982
0.0922642
0.036773745
0.13649228
0.033131767
0.06666295
-0.030367896
0.07687363
0.03392995
0.2167092
-0.011859551
0.07193494
0.1920876
0.13762423
0.082396165
0.18630569
0.18086152
0.07213267
0.025964722
0.13922635
0.120410725
0.11191435
0.37182853
-0.032514617
0.07897275
0.051772952
0.039107278
0.15449972
0.08761989
0.055830084
0.1851456
0.13582587
0.12162882
0.10583956
-0.056013346
-0.08346421
0.08482372
0.11823852
0.13425145
0.12319455
-0.018537275
0.10587138
-0.0344605
0.023131713
0.10896023
0.23592885
0.41576526
0.033384636
0.12642702
0.23324606
0.027026266
0.011409591
0.083584554
-0.01009405
0.16895734
-0.16156657
0.2290031
0.24492235
0.0741027
0.00604772
0.00079982355
0.28550577
0.18553497
-0.1484832
0.0126220435
0.22097349
0.13524452
0.19302438
0.0046622045
-0.03410387
-0.05278056
0.10985292
-0.01749973
0.26058757
0.26066768
0.18321571
0.08859108
-0.031420454
0.025833402
0.15556692
0.048810054
0.17058772
-0.048592493
0.008698992
0.07450446
-0.050253294
0.21229139
0.0644023
0.0687871
0.04084386
0.15245369
-0.07717612
0.09867212
-0.026558962
0.12318484
0.14732936
0.020971151
0.08691675
0.0331174
0.1559387
0.14282954
-0.08993518
0.14537473
0.020735472
0.07161839
0.032760523
0.1273223
0.08348355
0.02617279
-0.055858314
-0.037367262
-0.05245252
0.19291192
0.2454488
0.06967853
-0.059285507
-0.15207568
0.19793129
0.23846906
0.16727458
0.17141214
0.036028244
0.1723872
0.04594168
0.13677333
-0.10153687
0.2442675
-0.019705676
0.3620418
0.13000825
-0.06639568
0.13701579
0.018518843
0.16401352
0.1034252
0.008677997
-0.010232046
-0.033094317
0.06911853
0.34205002
0.04870307
0.030321645
0.09077808
0.053836484
0.19319858
0.080780126
0.16980363
0.032452468
0.06429467
0.20067711
0.23608014
0.36432406
0.15414892
0.07315051
-0.02013059
0.024371654
0.23231742
0.2492251
-0.0035793558
0.005217433
0.1967732
0.03823003
0.0067143366
0.15534009
0.0065091997
-0.017225929
0.12465977
0.23850606
0.04636227
0.062396746
0.041440498
0.018881612
-0.010442056
0.054957062
0.07204371
0.1372792
0.037405476
0.22729695
-0.007627867
0.2712388
0.2221975
0.06470288
0.025680698
0.087788284
-0.024773926
-0.019862916
0.075821854
0.34765616
0.10407446
0.16122589
0.053043988
0.28464746
0.07212054
0.09217718
-0.013792984
-0.08820019
0.06956688
0.033630595
0.059005868
-0.11386809
-0.12006223
0.17170595
0.04601064
-0.05463624
0.21388926
0.10767933
0.13402826
-0.0501517
0.017206294
0.066076174
-0.1246137
0.03877405
0.17334348
0.09502892
0.017171994
0.060785882
0.4020272
0.08085615
0.03194662
0.1491119
-0.02991267
0.058933165
-0.047281533
0.041135374
0.09468246
-0.32416335
0.167328
0.036109485
0.38399547
0.04920513
0.30067572
0.27132583
0.1413197
0.1335891
0.20483536
-0.04553705
0.020797104
0.246594
0.0018091276
0.2586961
0.11450414
0.16941752
-0.06489634
0.04803879
-0.0046214014
0.037408903
-0.01660399
0.244792
0.16015288
0.13642229
0.08065252
-0.050910804
0.018909976
0.06396878
0.059869565
-0.0027766414
0.13745405
0.2092852
0.062900215
-0.049313296
0.06636882
0.13167402
-0.005650744
-0.038496226
0.12649097
0.3211539
0.07888813
0.1159747
0.1296091
0.11648884
0.18304624
-0.12506978
0.32376033
0.024933416
0.27653757
-0.035693698
0.1143662
0.103298634
0.07732557
0.23351955
0.15080634
0.018052995
0.073991954
0.27370858
0.10005322
0.013148107
0.18327555
0.25275826
0.11193605
-0.07839646
0.060546227
0.07556304
0.15716301
0.15140499
0.22047982
0.068365574
-0.016237289
0.03714704
0.0409052
0.13402964
0.2554053
-0.035511434
0.13705327
0.1206159
0.04668545
0.035494253
-0.0552327
0.07813064
0.20871954
0.28125453
0.10291218
0.060843207
-0.017172225
-0.008110777
0.076408744
0.14888664
0.13706014
0.2342377
0.15694784
0.0032356307
0.23613222
-0.12890336
0.033339947
0.14483811
0.057737328
0.19661711
-0.0027766414
-0.09546389
0.24767835
-0.037724726
0.12109915
0.24151108
0.21556851
0.19581905
0.002541203
0.18257956
0.05016201
-0.004481528
0.048204914
-0.08579387
0.16950083
-0.023628779
-0.11627206
0.16956043
0.2249212
-0.05405995
-0.018995672
0.08618636
0.13489065
0.13022968
0.04617645
0.14581953
0.1266516
0.09858506
0.17221162
0.07727081
-0.06250748
0.24038368
0.2576426
0.010925181
0.054482803
0.11142472
0.11550153
-0.047379814
0.045058444
-0.21755472
0.19969198
0.16503012
0.2251633
0.12113895
0.11819851
0.064127766
0.14313409
0.08874026
0.06625491
0.22865601
0.15519017
0.09545823
0.19435835
0.06697242
0.22707729
0.11367625
0.118735604
0.14288458
0.07790753
-0.050130002
0.10659974
-0.0509517
-0.011751547
0.016992487
0.01737842
0.18774089
-0.007965587
-0.14567643
0.15440461
0.066605896
0.10928761
0.122436695
0.11088982
0.22156473
-0.035197973
0.07823432
0.020566322
0.39491722
-0.060795806
0.038642097
0.044318892
0.11326544
0.06769783
0.045680624
0.10691069
-0.0017430186
0.1474611
0.009279326
0.27524462
-0.09965363
0.1747867
0.17489755
0.25857213
-0.12821425
0.12946597
-0.028393488
-0.06397604
0.2854952
0.074759565
0.07133159
0.27130955
0.13979495
0.12931913
0.13891885
0.30117354
0.038132817
0.049198266
0.23686185
0.13660671
0.13058771
0.10094144
0.09314668
0.080694035
0.07350621
0.021742094
0.18597952
-0.049022704
0.13872677
0.18821327
0.11861536
0.074845925
0.15569042
0.026792958
0.13790992
0.004696563
0.068598256
0.06447261
0.06313328
0.096600786
0.023612112
0.14339802
0.07316619
0.041513495
0.11684525
0.051586002
0.10526966
-0.010003939
0.3899471
0.18209264
-0.136186
0.27795815
-0.1966309
0.08744025
0.3711559
0.22892383
-0.15944953
0.0074326377
0.060340956
0.15676378
-0.06025468
0.17415117
0.040061206
0.18668151
0.12309236
0.13963787
0.3308452
0.018410489
0.09079119
0.31491864
0.38131028
0.009590197
0.19086532
0.18757132
-0.18947843
-0.019425511
0.09709639
0.07287826
0.18780962
0.17867267
0.115411565
0.05447884
0.07784566
0.10599298
0.030172992
0.032830138
0.298782
0.12450408
0.14341418
0.034312718
0.083655454
0.27624717
0.019076992
-0.12439728
0.060007565
0.10421225
0.20197591
0.14909324
0.047259524
-0.113110386
0.14886
0.19322024
0.058048934
0.14632596
0.14071888
0.1273351
-0.15486223
0.09422752
0.06530741
0.14734444
0.1698955
0.2160191
-0.037972838
0.01686515
0.040671393
0.0044115186
0.12450709
0.09841201
0.19245437
-0.13290845
0.099968895
0.1285382
0.06973207
0.124373615
0.05225779
0.17418127
0.082375824
0.041165795
0.093756266
0.029963478
0.04129847
0.06444289
0.23891327
0.08154531
0.18661748
0.06852177
0.16694957
0.098622054
0.20145006
0.17518385
0.03527046
-0.007481657
0.09465869
0.077608265
-0.008617371
0.099247664
0.09695613
-0.039484162
0.054629877
0.15012425
-0.057590023
0.087651946
-0.040765837
0.0075080097
0.0771085
0.0152316615
0.014102466
0.015067857
0.05100734
0.08731586
-0.103978306
0.041956343
0.21864045
0.028054029
0.090723485
0.08909636
0.043527115
0.069701724
-0.06685166
-0.01619745
0.06833567
0.18545394
0.17128439
-0.06543143
0.049288377
0.17759915
0.15511313
0.0026883036
0.119234174
0.0038650408
0.19625789
0.03434939
0.12802136
-0.06622927
0.110474326
0.09928255
0.16691408
0.15613315
0.24331596
0.14786299
0.070689455
-0.003870815
0.1285073
-0.2430439
0.09377678
0.2317671
0.15208834
0.08920347
0.20097494
-0.014108524
0.09956931
0.26687795
-0.20334315
0.15330043
0.032269306
0.022277854
0.1762355
0.02182899
0.08394475
0.0544554
0.20525526
0.40459964
0.27972916
0.045544393
0.06132625
0.0011082813
0.09160368
0.16392516
0.10684541
0.0066366866
0.09961484
0.22408853
0.011709537
0.28605145
0.09494387
0.011785574
0.065275654
0.12850788
0.09427763
0.12135345
0.04206525
0.31131113
0.008894414
0.116583474
0.13545872
-0.059150495
0.032721274
0.1267618
-0.019084364
-0.120083034
-0.11783981
0.1398749
0.10849681
0.18108128
0.16299471
0.106395535
0.02510681
0.058767878
0.16028304
0.13668351
0.0939933
0.12267939
0.048078515
0.036282174
0.090189405
0.15613748
0.04406329
0.046169467
0.18338533
0.08577703
-0.15173341
0.07085827
0.19172646
0.09074583
0.067355454
0.19110951
-0.0351536
0.07417421
0.03319867
0.24159145
-0.04264172
-0.1286975
0.14468306
0.20725605
0.21331505
0.16386284
0.14335103
0.06707506
0.10449312
0.28732508
0.14133886
0.113064855
-0.09993383
0.04874373
0.12881812
0.083854586
0.30701992
0.16768685
-0.11310697
0.005631909
0.053897902
0.1403466
-0.040738106
0.09387838
0.0031734798
0.21297346
0.15326928
0.11616284
0.11002781
-0.08417113
-0.07000733
0.10943858
0.07948447
0.10133874
0.17818438
0.0062398463
0.15819027
0.028585125
0.1361131
0.22015212
0.014626257
0.2045881
0.21408221
-0.07734653
-0.025552243
0.35322243
0.1541102
0.17542244
0.17107
-0.015275229
0.02422617
-0.056453824
0.10826638
0.011402205
0.13009876
0.18245508
0.09502716
-0.11766855
0.13036864
0.17710845
0.097289875
0.11963567
0.017489757
0.09609714
0.076699756
0.20737614
0.1572539
0.056863375
0.07184131
0.10222302
-0.009673886
-0.114876546
0.0030120648
0.23991309
0.15196574
0.20960024
0.12485232
0.06161858
-0.008272383
0.010327302
0.026524588
-0.12422041
0.0559715
-0.17701021
0.1615475
0.06422902
0.22871672
0.13199507
0.008953661
0.14228477
0.009432048
0.13265489
0.06913432
0.13078041
0.23456709
0.12177384
0.046797186
0.24922891
0.045826875
0.1252874
0.101802304
0.041639354
0.006142691
0.11077409
0.09188388
0.09370177
0.17323755
-0.024485687
0.14350456
0.08030407
0.03746479
-0.04121622
0.18380809
0.017082509
0.027697999
0.013590232
0.09898512
0.18391152
0.048508883
0.1295838
0.027723193
0.07685617
0.1608421
0.17704868
0.029031701
0.08759471
0.1604488
0.09159459
0.16626415
0.07808552
0.12032287
0.022555307
0.16013834
-0.028964374
0.10992925
-0.06825091
-0.0101934
0.05043289
0.15161702
0.07722784
0.15271127
0.26527277
-0.017099753
0.040416494
-0.026461475
0.1304012
0.07460511
0.2296511
0.028426368
0.047718093
0.067876644
0.092634544
-0.03857301
-0.0057349354
-0.10038674
0.07548802
0.25277057
0.03475728
0.030782511
0.12862502
0.14019272
-0.04356575
0.02292376
0.15516405
-0.006014757
0.101703845
0.18139459
0.17400968
-0.02381856
-0.024907462
-0.056172535
0.045818754
-0.040545486
0.01381899
0.03254867
0.08995081
0.118219614
0.17113802
0.002348451
0.0006289929
0.17215136
0.082027875
0.073281616
0.16406193
0.093058
0.01737394
0.024114188
0.010154307
0.12803893
-0.00050899386
0.133536
0.09766704
0.11768633
0.062188264
0.23846906
-0.030943356
0.21493387
-0.04533635
-0.0040782616
-0.052082494
0.11724068
0.0645528
-0.0467242
0.12037845
-0.010033704
0.10059942
0.14793344
0.41284156
0.09680476
0.14020744
0.09301259
0.051920637
0.092926405
0.19849606
-0.013407156
0.1665727
0.050833505
0.0258421
0.07041553
0.031636216
-0.0018417761
0.021512985
0.06969013
0.030275464
0.18356033
-0.136366
0.15890059
0.10488258
-0.028383948
-0.0037829876
0.21413927
0.19000423
-0.11598121
0.23324303
0.10536721
0.40338555
-0.022686927
0.03334134
0.26328775
0.084494725
0.07683691
0.1157605
0.010349393
0.20393434
-0.0011992231
0.067237146
0.08742698
0.08325174
-0.009659655
0.13643971
0.22186038
0.22152929
0.165964
0.22239819
0.025811382
0.26139948
0.12838274
-0.068214074
0.22463664
0.17608494
0.23478559
0.175765
0.3429451
0.26826695
-0.0035121776
0.046835348
-0.033146545
0.15566681
0.3113425
-0.095145196
0.17248003
0.20660119
-0.027837176
0.208261
0.019995354
0.016241342
0.0017607361
0.25146592
-0.061447788
0.13680646
0.23190695
0.014087342
0.050251458
0.15402257
0.052305825
0.17934318
0.043475024
0.15850353
0.03820861
0.1598825
-0.040089455
0.25449583
0.033205967
0.032040652
0.046676
-0.035337366
0.10235535
0.089383304
-0.006419573
0.046815943
0.18450458
0.11559731
0.025121728
0.07604875
-0.019026034
0.05161041
0.17559546
-0.10905062
0.053090837
0.056596484
0.12874447
0.12901686
0.17624716
0.031934552
0.033932947
0.22594388
0.14170566
0.12595597
0.24018283
0.04470566
0.27200213
0.12862705
0.067472175
-0.04941455
0.11125646
-0.02097477
-0.049362805
-0.08346421
0.08189342
0.29279128
0.17199206
0.14929222
-0.08040318
0.065136
0.08109433
0.23466599
0.17670718
0.2558273
0.2505672
0.15522009
0.0906763
0.057654664
-0.06006568
0.03414622
0.046102397
0.12388441
0.079045355
0.0049398243
0.16103043
0.3075291
0.0425321
0.019181559
0.021318153
0.09807272
0.18376389
0.08785135
0.12175844
0.05667665
0.043569144
0.0042293966
0.20384848
0.07375769
0.38945478
0.19775903
0.05980266
0.17579387
-0.070130914
0.08317605
0.27985066
0.23482357
0.16773431
0.14196783
0.086683504
0.03449768
0.02855954
0.20544723
-0.086009756
0.003124334
-0.0044157505
-0.0727991
0.0110681355
0.16352193
0.024807688
0.14158836
-0.06478061
0.16422756
0.08496614
0.19084978
-0.05762926
-0.061459817
0.1617536
0.14723021
0.17561442
0.1565269
0.10610521
0.06457743
0.09558593
0.05563037
0.1358835
0.08352483
0.17778002
0.09692004
-0.088746615
0.14723629
0.20807771
0.017489757
0.044515956
0.042400125
0.15966828
0.085227974
-0.031683758
0.161504
0.06350139
0.29480818
0.11296204
0.18194403
0.046034425
0.062223196
-0.05316682
-0.14591458
0.29114825
0.16759178
0.04537365
-0.0055134892
0.1586956
0.1169563
0.042865228
0.13547057
0.062631086
0.0031997748
0.089739494
0.3545613
0.05912742
-0.043428138
0.06888235
-0.18067926
-0.02728793
0.11604002
0.20717461
0.072794296
0.06685786
0.040949553
0.040298622
0.06482323
0.121742114
0.24591792
0.19186534
0.11790826
0.1956388
0.21300744
-0.016887914
0.2065965
-0.035880044
0.04173863
0.045960926
0.31626302
0.07256522
-0.042127028
0.09363525
-0.10459094
0.18273328
0.13714552
0.17904177
0.12610441
0.08315306
0.08799306
-0.016659923
0.09314427
0.046453923
-0.032922015
0.015168883
0.056954473
0.27805406
0.08070478
-0.009484816
0.2015051
0.17566751
0.14144662
0.2165838
0.1023748
0.009944364
0.0055377074
0.13081653
0.08426428
-0.051447593
0.023051724
0.19846974
0.14352122
0.1562858
-0.02580601
0.13198905
0.03580309
0.14947587
0.14222911
0.157977
0.020361617
0.14337255
-0.060433894
-0.017560955
0.24782862
0.18786868
0.095292985
-0.06164287
0.16085804
-0.011915363
0.17137218
0.12550846
0.13472079
0.1368543
0.29236066
0.16710521
-0.1670125
0.03291825
0.13425143
0.18461706
0.2300128
0.08182323
0.13506116
0.008547343
-0.022623494
-0.20601037
0.13192064
-0.14790921
0.22693111
-0.012199167
-0.016057882
0.121908456
-0.010229167
-0.013531689
-0.046311565
0.091617316
0.20250659
0.015641417
0.03775987
0.22441937
-0.095870785
-0.06563922
-0.011119388
0.069018066
0.0127854645
-0.0099054575
0.16652949
0.19411694
0.005009353
0.08872382
0.14480692
0.0052443594
0.10738505
0.12704252
0.060102887
0.080736265
0.23567651
0.22146352
0.03814456
0.04737381
0.2972286
0.061703134
0.1843291
0.12068117
0.20536278
0.22943836
0.03761723
0.16768685
0.15459476
0.19580962
0.04884529
0.2004674
0.036639325
0.061771594
-0.22637495
0.15302765
0.23207188
0.169966
0.20313092
-0.027055994
0.1669735
-0.048364468
0.050279886
-0.017290492
0.23949815
0.22506422
-0.05625318
0.052946784
0.16125816
-0.081048556
0.035340726
0.18838173
0.05995737
-0.019764408
-0.07513362
0.12208635
0.26971298
0.14003234
0.18264575
-0.04640867
0.01715662
0.056741454
0.11840527
-0.040984698
0.16695276
0.04267326
0.029303722
0.073760085
-0.047025684
-0.05102059
0.15462637
0.032212842
0.27112046
0.1739477
0.08419047
0.027525157
0.22290081
-0.09244068
-0.0017357226
0.19521596
0.012256168
0.09693108
0.17645653
0.12761539
0.14480597
0.10392651
0.08263772
0.09906316
0.046882767
0.06473861
0.13558145
0.004092112
0.07190188
0.12232847
0.17221506
0.12623169
0.22092605
0.0076885335
0.106153846
0.07275904
0.02967465
0.1971801
0.009275854
0.17813528
0.07982078
0.12915255
-0.009056985
-0.052141502
0.023136366
0.01294392
0.24539326
0.006526768
0.013652734
0.06618455
0.02203998
0.00702345
0.05226838
0.12202563
0.101802304
0.2239451
0.15069935
0.07037589
0.23243456
0.17166844
0.20975696
0.16424522
0.20578195
0.122000076
0.18233623
0.0075357333
0.0020622052
0.030326173
0.06381135
0.08562674
0.2637426
0.012602791
0.06821453
0.21434598
-0.01636643
0.09786582
-0.09142172
-0.060548514
0.100958
-0.022165641
0.07282435
0.11352838
0.18458726
0.11874325
0.061408453
0.046537347
-0.024563879
0.14262217
0.22202426
0.036964506
0.22771168
0.16605103
0.059195694
0.041659817
-0.13775438
-0.05563175
0.04567333
0.48063666
0.118960306
0.054777518
0.0124092065
0.23132777
0.1733513
0.3073239
-0.09926999
0.13083343
0.0014836416
0.14360736
0.14173697
0.052181587
0.06173084
0.08775772
0.048914064
0.16507533
0.041552592
0.06444869
-0.03842318
0.14543828
0.08321778
0.060526222
0.17133617
0.08429545
0.15025191
0.2187762
0.23884764
-0.03801845
0.061408643
0.04523442
-0.25478816
0.09406346
0.13935575
-0.03733616
-0.0054085404
0.200309
0.27523506
0.13702281
-0.020885274
0.010690406
0.23180647
0.27041975
-0.03121483
0.014152944
-0.10892303
0.21188177
0.18759947
0.052632287
0.26402617
0.031534504
0.11324202
0.2547862
0.1969863
0.100077346
0.04834508
0.302091
0.03410262
-0.16490082
0.14135179
-0.049510315
0.07023586
0.062020943
0.07626791
0.18792889
0.073137596
0.07263543
0.22946867
0.2614251
-0.11690159
0.2877868
0.032935865
0.09331802
-0.10722691
0.06836637
0.14979829
0.014844827
0.031002648
-0.0027302094
0.16363057
0.0418618
0.037489586
-0.02795916
-0.09442991
0.024437398
-0.028196208
-0.027178068
0.104829565
0.11565406
0.12454591
-0.024485687
-0.024485687
0.19495164
0.06090556
0.06361574
0.0074763447
0.005891972
0.219044
0.20936525
0.08874336
-0.013686821
0.023205623
0.019810056
0.12932698
-0.0018580854
0.024676556
0.09677957
0.111026265
0.18904264
-0.032638475
0.11068961
0.21600029
-0.12800428
0.2362076
0.17132895
0.087763704
0.07828641
0.060475208
0.052058566
-0.1496159
-0.0029822886
0.008137527
0.091771305
0.17438617
0.05739251
0.009299327
0.24843387
-0.11405227
0.19719517
0.30661175
0.24711205
0.3201626
0.10220154
0.0019510128
0.18632343
0.080528565
-0.07459114
0.061613753
0.04651998
0.093860514
0.08071602
0.22516838
0.20748177
-0.02673027
0.1731422
0.10518226
0.22693092
0.10602212
0.16581312
0.25514776
0.18855225
0.032939654
0.19983222
0.33848724
0.10349334
0.30532527
0.04542789
0.028448477
0.07854237
0.23284592
0.40556753
0.050451458
0.14900482
0.06235952
0.10026742
0.2249993
0.00068492815
0.06490104
-0.018504247
-0.15524173
0.19444045
0.16083616
0.2025073
0.00448592
0.26056015
0.089931265
0.07696116
0.074212015
-0.12018941
0.062181555
0.1624426
0.24575724
0.010093994
0.042619262
0.041388173
-0.020474851
0.13445893
0.22015384
-0.039694548
0.05162452
0.13703924
0.06747219
0.06373967
0.1497507
0.018541666
0.08937216
0.15731356
0.007850897
0.056257475
0.028702877
0.26725313
0.1477518
0.18518722
0.040807005
0.04294406
0.09506307
-0.09441741
0.0676603
0.026493058
0.24447943
0.08476061
0.26966685
0.06960097
0.128164
0.017831832
0.18531664
0.13619165
0.055811256
0.25130206
0.22857241
0.07292209
0.13959129
0.05061467
0.048912644
0.09648565
0.08513513
0.10642359
0.05743546
0.16239107
0.14240275
0.06140914
0.04657191
0.19700931
0.041207388
0.27288398
-0.04765398
0.065118685
0.07267862
0.10874912
-0.024426723
0.114890076
0.09326564
0.07369797
0.09923754
0.08307537
0.18653001
0.05303651
0.06324324
0.14069387
0.067658424
0.19104852
-0.022230595
0.06928938
-0.09606347
0.2600186
0.1494331
0.12012778
0.1983867
0.13889216
-0.026308909
0.4002918
0.042731654
0.105569884
0.11304921
-0.06522297
0.007766813
-0.022553124
0.029225951
0.10526966
0.1102052
0.2528134
0.107774064
0.13096082
0.06324749
-0.034663863
0.0653567
0.1665271
0.17552283
-0.026973285
0.17146936
0.0979367
0.13775064
-0.017212227
0.05511824
-0.090198115
0.19268137
0.24977922
0.19386652
0.07553234
0.041948885
0.0913534
0.15672345
0.092646286
0.24462755
0.18193051
0.07882425
0.2098929
0.00079484284
0.07853589
0.032899812
-0.020128682
0.06076192
0.0054329783
0.15643334
0.098801926
0.29678178
0.14623281
0.26215756
0.066565976
-0.008887313
0.120993786
0.027158566
0.12167489
0.041153707
0.21405491
0.17087637
0.21699387
0.17896427
-0.022333667
-0.0035317838
0.08960179
0.1035247
0.03763313
0.114704035
0.07543443
0.12717621
0.07417612
0.03569537
-0.024875429
0.13042699
0.038743116
0.10347052
0.22487335
0.11742444
-0.10079991
0.17667355
-0.09490973
-0.1023781
0.0818836
-0.056157157
-0.011512235
0.014012594
0.13945524
0.121965624
0.022790805
-0.059220787
0.11062191
0.113117106
0.17737107
-0.08277314
0.03442578
0.12263561
0.16501963
0.14656225
0.154677
-0.16170394
0.10811175
0.013287891
0.050258167
0.11545473
0.027850524
0.12204043
0.09785335
0.17677338
0.15954393
-0.09380745
0.23846906
-0.038806878
0.20392291
0.03305854
0.17535473
0.15483668
0.08739073
0.008986384
0.0099199675
0.042585403
0.20884691
0.17481412
0.27053562
0.23840398
0.10916421
0.10712452
0.07730389
0.2189551
-0.047902808
0.10302099
0.10648872
0.037915334
0.26238686
0.042686306
-0.0515128
0.08227012
0.07387415
0.0793988
0.30548966
0.16541135
0.08211905
0.13911341
0.24005501
0.112056136
-0.028937247
0.30408278
-0.078705594
0.16668682
0.05465729
0.103130765
0.020534582
0.08042978
0.16054612
0.086651586
-0.058165543
0.047243
0.08921419
0.24577463
0.17495508
0.076227784
0.17743604
-0.006962985
0.18163623
0.14246103
0.068670526
-0.0028105676
0.17151977
0.13457741
0.013567833
0.19687366
0.15026183
0.15638937
0.19142179
0.21866283
0.13677445
-0.04265503
0.11253785
-0.095774405
0.026169285
0.24487275
0.05490791
0.077757895
0.11814309
0.058607314
0.008856565
0.0077223405
-0.06813571
0.14881186
0.010065302
0.20449752
0.21644518
0.13199507
0.03664056
0.002406761
0.22674584
0.22229083
0.17349163
-0.013097403
0.24673171
-0.03143394
0.10206151
0.04974191
0.03507573
-0.00015078485
0.08565947
-0.053983867
0.053592995
0.16861627
0.013861563
0.15488023
0.173149
0.21023604
0.035951093
0.040101677
0.1417884
0.28022432
0.19936684
0.017489757
0.017489757
0.08473649
0.22574082
0.041855037
0.08437467
-0.024218105
-0.000951156
0.109373614
0.13134468
0.27872726
0.041591108
0.23057036
0.06611894
-0.008073412
0.1733003
0.124962755
0.011917278
0.084903486
0.09241477
0.14449918
-0.1015201
-0.008521926
0.03405681
0.04544793
0.008682065
0.047101866
0.035998918
0.09755866
0.14557722
0.116469055
0.16347581
0.08267196
0.11534824
0.08668189
0.19353448
0.13584082
0.14265059
0.099856056
0.10489482
0.2546317
0.13646899
0.04195398
0.18485962
0.10886368
0.08496714
0.0630177
0.28795046
0.04679779
0.23711608
0.06837313
-0.029170785
0.2076743
0.067840345
0.2780462
0.116822936
0.05673112
0.22005269
0.07458219
0.13922895
0.05381763
0.08708642
0.23968284
0.16238943
0.103216626
0.16990851
0.23656467
0.14180619
0.02250354
0.08674854
0.15225317
0.073025644
0.19524331
0.03340567
-0.024073869
0.05357645
0.25890955
-0.03484451
0.1285604
0.05486456
0.018593311
-0.08069425
0.00595434
0.13327439
0.05727876
0.121130526
0.2001739
0.28291765
0.20178586
0.01362893
0.16884294
-0.0030547231
0.08739511
0.37482664
0.020043828
0.12091117
0.092088245
0.060051575
0.27655116
0.06642498
0.13811512
0.11694816
0.0012856536
0.045826875
-0.0058385134
0.1688428
0.18625167
0.11618542
0.15602764
0.0026866123
-0.028692823
0.04135341
0.23289172
0.057451356
0.09935276
0.14391895
0.05738739
0.0843495
0.06624086
-0.04210791
0.05183052
-0.008512922
0.016650826
0.065593004
0.27760074
0.067868
0.19477859
0.1852287
0.16730534
0.18029608
0.17432798
0.12216456
0.012836782
-0.11102315
-0.12286635
-0.008879412
0.049092498
0.15569167
-0.05690166
0.1849116
0.20679614
0.24148598
0.08722427
0.0338248
-0.11507145
0.10883733
0.17893082
0.10271965
0.11044685
-0.11491488
0.00758004
0.07552643
0.13954692
0.16664384
0.01677192
-0.0024441443
0.14148034
0.08111809
0.072893865
0.21241191
0.081778854
0.19219692
0.04638142
-0.09711769
-0.010631949
0.10843967
0.045383163
0.11453323
0.34385026
0.061642546
0.11312223
0.04604591
0.098240785
0.112868406
0.061521634
0.017248947
0.040127426
0.24202156
0.07378648
0.0496758
0.06273014
0.014398828
-0.008516092
-0.060631126
0.03694522
0.052152842
0.0127669
-0.15504791
0.15704829
0.08070205
0.16259503
0.12801258
0.26510197
0.23445168
0.35829142
0.15021576
0.043692663
0.0216612
0.23712006
0.073383786
0.19898677
-0.09925647
0.15280637
0.0703452
0.22496372
-0.024473913
0.24596874
-0.029601693
0.05089964
0.1199684
0.028418556
0.051577613
0.07382418
-0.10190163
0.031990424
-0.026770346
0.12796915
0.028531265
0.17872716
0.24739476
0.04613501
0.01333379
0.24785501
0.16461661
0.1718228
0.1563364
0.07224079
0.29093075
-0.060581625
0.15411901
-0.11076152
0.1578265
0.036308207
0.08152779
0.0036435463
0.10384897
0.026162613
0.27506682
0.34343636
-0.10915873
0.094966106
0.04877926
0.16094263
0.07971592
0.016322337
-0.011385012
-0.0027766414
-0.03478246
0.11158699
0.010912232
0.043590374
0.25877175
-0.011835758
0.19318566
0.063509464
-0.014812056
0.046098605
0.06649201
0.09536826
0.05453711
0.13217767
0.03091776
0.028343298
0.048979405
-0.027326684
-0.015643798
0.22271174
0.17417233
0.19830737
0.048294708
0.11771069
0.08513419
-0.17578594
0.05799768
-0.14792752
0.012795553
-0.034693576
0.14446509
-0.024084114
0.2345927
0.042198636
0.26159742
0.10242643
0.043479454
0.09218644
0.018800955
-0.097362615
0.15046005
0.013340935
-0.026818462
0.17526852
0.024245888
0.14737985
0.19117206
0.12228691
0.17953604
0.13814995
-0.04506904
0.059493784
-0.026432976
-0.04785812
0.11304339
0.065030694
0.18296629
0.10610034
0.26925606
0.084251374
-0.037397474
0.21428218
-0.01811532
0.172235
-0.036589094
0.10350884
0.0021162778
0.044809826
0.059657715
0.11289015
0.25156242
0.12577365
0.17501432
0.057209887
0.44022337
0.1193957
0.25056058
-0.02536511
0.1237575
0.09054615
-0.026356772
0.016785722
0.11979733
0.31562597
0.020924993
0.030886665
0.23986173
0.23619245
0.24559467
0.13743588
0.0346094
0.05886924
0.04366754
0.084410965
-0.02915242
0.12942575
0.18999742
0.1363675
0.022487693
-0.07564163
0.08610532
0.03416475
0.30229998
0.038204446
0.062126942
0.32134447
0.101306334
0.21115449
0.07789158
0.16369618
0.07899113
0.15426977
0.070695445
0.16771615
0.14658758
-0.23289712
-0.011615738
0.105068825
0.13156559
0.19498758
0.10036451
0.011082917
0.000693202
0.18691018
0.056482434
-0.007748246
0.21179122
0.25763187
0.1294265
0.10233338
0.019576058
0.09775546
0.16402243
0.32115686
0.01998175
0.10643601
0.0060083643
-0.012145378
0.17037633
0.14016344
-0.1463386
0.16898471
0.4100904
0.003787659
0.16144606
0.090483405
0.07132317
0.027514443
0.103302926
0.089523405
0.14748555
-0.039474983
0.084625274
0.027547747
0.18687704
0.16619302
0.068042494
0.15485333
0.07256949
0.13931902
0.031439893
0.14424068
0.012835771
0.1928729
0.06730498
-0.053644784
0.28009912
-0.13645294
0.0012601577
0.12868538
0.08132771
0.026868794
0.079912856
0.10808001
-0.10744017
-0.08719774
0.19146572
-0.05507976
-0.14942203
0.09503121
-0.018442124
0.12838636
0.07285598
-0.025585622
0.045207165
0.019419223
0.15756355
0.19896425
0.09828862
0.06539251
0.031514827
0.15058184
0.114817105
0.075837076
0.17336927
-0.07942912
0.3530705
0.0904951
0.20976834
0.081716105
0.05445478
0.1140936
0.042857762
0.06365653
-0.0835014
-0.17952266
0.02967951
0.17310059
0.22401386
0.20787774
0.16401847
-0.028018236
-0.07236341
0.01451499
-0.06471055
0.034770295
0.03273316
-0.016768835
-0.045456223
0.16143246
0.0067478456
0.102741554
0.04802895
0.08999878
0.11513157
0.20375602
0.059592087
-0.12127981
0.016347319
-0.03342951
0.09328591
0.039493848
-0.12948659
0.01557222
-0.092371166
0.09230145
0.09229696
-0.09795536
0.04721858
0.20316099
0.02616236
-0.008248992
0.15474316
0.059187945
0.26076922
0.22783534
0.084619984
-0.021836579
0.2960228
0.068029635
-0.021740504
0.041889057
0.22739717
-0.010278568
0.20067666
-0.16394764
0.12064456
0.21800448
0.006306952
0.15470587
0.19081068
0.041425474
0.33437243
0.027000003
0.093114346
0.07792756
0.0631114
0.059058603
0.085361265
0.008525427
-0.04227574
0.0483827
0.18194832
-0.0058360845
0.052447382
0.15995823
0.15604486
0.13110654
-0.02478614
0.09658898
0.20447591
0.10090891
0.018112391
0.12420616
0.108542755
0.13842738
0.22305374
0.12782885
-0.02312541
0.13580526
-0.008383982
0.17276329
0.054529153
0.036364093
0.08592052
0.06800932
-0.07885643
-0.0649391
0.098752804
0.16385774
0.07197861
0.11548187
0.07468102
0.03875775
0.058426484
-0.084474124
0.019319583
0.053979702
0.08289532
0.09152965
0.145371
0.014959557
0.023676785
0.0846776
0.101992235
0.04796289
0.05235912
0.023550019
0.020557493
-0.0015855283
0.041422836
0.13397573
0.194315
0.15508372
-0.008185685
0.15373778
0.055497594
0.30923668
0.121917404
-0.11334852
-0.038603142
0.023833498
0.054522797
0.14336535
0.049345277
0.3011077
0.13476753
0.020809252
0.14506736
0.00885807
0.08942931
-0.06703192
0.08905975
0.018425267
0.11823242
0.10582762
0.029269295
0.04284251
0.06854594
-0.019041225
0.013572507
0.0069089085
0.12664963
-2.2277236e-05
0.09730792
0.019116975
0.14031875
0.07004795
0.15019862
