0.21793982
0.9628747
0.05457014
-0.023248076
-0.9910304
1.9901888
1.9577904
3.1829991
-0.61009645
0.4920789
0.8404395
0.382271
1.5198152
1.5581859
0.5546767
1.4886489
1.3122151
0.8378775
-1.4315825
-1.4203974
0.7223953
-0.11135861
0.5120146
0.75704944
0.8236964
2.3261538
1.6733599
0.8720633
1.8887184
0.8326721
0.14551765
-1.1076916
0.24682127
-0.67882395
2.0123844
1.1827272
-0.13607886
1.873594
2.6553311
1.080008
0.33600745
-1.2085669
1.1739843
-0.61977935
-0.12261137
1.4320532
2.252069
0.8761817
-1.1401172
0.6813536
-0.12189755
3.873761
1.827359
0.8906456
2.2173612
1.2441485
-2.6143374
-0.34257254
1.9999437
0.38753012
1.1010344
-0.28164726
1.2730533
0.053816333
0.6094323
-1.3388757
1.9267225
0.84790635
-0.67198217
-1.4995185
-0.46505207
1.4987177
0.23732758
2.3694232
0.043672357
-1.1386127
-1.3095281
0.21171886
-2.942658
-0.6003224
1.1934748
2.3093019
1.3659772
-0.05466348
1.6894894
-0.86927384
-1.1290298
-0.50175405
1.6060603
0.24450941
-0.34822732
1.2141418
-0.12865983
-2.951908
1.4860661
2.1528878
0.29957208
0.13493976
1.7728035
1.6630363
0.9815812
-1.471209
2.6615458
-0.3051207
0.59038687
1.3874947
-0.44669843
-0.28561443
2.855009
1.2561324
0.06287865
0.24487302
2.2486808
1.2920424
-2.2386477
0.3060689
1.6108923
2.8635898
0.0041381493
-0.19218493
-0.056931734
-0.0560261
0.6309309
-0.32797235
0.7547798
-0.16623093
0.5632977
2.3913288
-0.83621585
1.648955
-0.5789547
2.5172558
-0.19537613
-1.5260556
0.9496442
2.8458571
0.16389908
0.6549296
0.9605855
0.8447584
-0.116773784
0.41207206
-0.056217402
0.836766
0.22681308
-0.4367567
0.7536804
1.3669479
-0.5967821
2.7961802
1.519034
-0.05631636
2.5717814
-0.79938644
1.5095545
-0.28561628
0.9303569
-1.3367938
-1.0488327
-0.68051964
0.24218574
0.63372755
-1.1117513
3.2164125
2.3447294
2.1540046
0.62434095
1.8548588
1.3589889
0.10104204
0.62942827
-2.193406
1.243885
-0.5242945
1.5712208
-1.0121725
-1.0957742
-0.82359093
0.027672857
2.2745762
-1.7443025
0.17829639
2.1983702
0.6309249
0.20241237
2.1069136
-1.7794068
2.8747962
0.8405744
1.1047784
0.7739639
2.471302
3.7797294
-0.06269422
0.107415766
1.1318362
1.094821
-1.2719903
0.10221532
0.21079528
-3.2537317
1.2788122
1.3314296
-0.6667136
0.90477335
1.13347
-0.23900348
1.9648026
0.9074248
-0.5303427
-0.02490133
1.2780045
0.9036044
-0.7660513
0.7499151
1.1030387
0.3905172
-0.66842055
-1.1529678
0.5019356
0.106085315
0.82297224
-2.1915705
2.8532665
2.1515203
1.9970787
-0.5267019
0.8630978
1.7627841
0.052274764
-0.3257624
1.5991724
0.9016684
-0.3408968
-0.21993083
-0.78404295
-0.24703276
1.3201406
-0.7445589
-1.9007215
1.7994769
0.35521007
-1.7789162
2.8729572
0.30121475
0.7768094
0.9356588
0.34377682
-0.4500728
0.7616296
-0.08623028
-0.15743332
2.8411095
0.9203254
0.8657613
1.1596776
1.2425383
1.9419669
-0.24848899
-0.040878803
-0.102927744
-0.28019452
1.4357867
-1.2809448
1.7262009
0.60682786
0.5151723
-1.3580322
-0.66036564
0.17597187
0.3909582
1.4035821
3.0201077
-0.2669332
0.8279743
1.5196903
0.029457808
2.527341
1.4344635
1.6836765
-0.46592093
-1.2588389
1.1361773
0.19186187
1.2799076
0.7200792
1.9807482
1.2534113
1.261595
0.7978122
2.9126165
-0.63372856
0.12765175
-0.46995392
1.1892385
0.78992
1.5626736
0.8879034
2.2734225
-0.892807
1.0577644
1.4602518
2.10903
-0.3274877
-2.0658903
1.6802851
0.63330203
-0.021277964
-1.0592577
1.4561427
0.5423084
1.7932963
1.2582849
1.1173172
-1.0253139
3.3626611
1.4892535
0.0027412474
-0.09368271
0.32713374
1.1241126
0.48423272
0.6045761
-0.7637444
-0.43029723
-1.3127176
-1.746605
-0.03137967
2.6755285
0.62807035
0.46695885
-0.267842
1.5313051
2.4772525
1.6648849
0.7549199
0.25054282
-0.9248133
0.70628667
0.45578456
2.6613293
-0.6019499
1.4175267
1.118338
0.30376655
-1.8498058
1.121417
2.1559227
1.345524
0.20351195
3.326213
0.04710024
1.4008782
1.6975904
1.1180114
-0.20360017
-0.55051816
0.96932185
-0.80558777
0.3257131
-2.2996497
-0.985491
2.08618
1.792449
0.12973166
0.31427532
1.3436006
2.0300193
1.4437762
1.9834969
0.69453895
0.19943148
0.33966422
0.9738028
1.5804912
-0.3399206
0.3296395
0.5944451
1.435992
-0.41057417
1.6768968
1.6259167
0.98238736
-0.24881518
-0.62035155
1.1334352
-0.08113271
0.94040555
0.7616957
0.7387521
-1.004743
0.32232934
1.5287412
0.5665085
-1.4408453
1.1961467
0.6589128
-0.10999739
-1.0813047
2.5988
1.5875828
-2.5755582
1.4423366
-0.01575017
0.8664802
2.0258923
2.0232196
3.0014098
1.4717966
0.12785895
-0.6421278
-0.5233582
1.3391922
0.7986764
1.979801
0.4906665
0.1170172
-0.2256851
0.60659015
-0.31072164
1.2644416
-0.08456588
1.3223376
0.41037035
0.2259556
0.7478143
-1.9456106
1.8806381
0.95468175
0.14651781
0.93500924
-0.32166475
1.1007891
0.9243115
-0.618691
-0.3319447
-0.5942751
0.50839806
-0.2913496
0.6068041
1.3030782
1.1108396
-0.2159851
1.7905182
1.0647509
0.17705494
0.6116259
1.2130995
2.6825821
0.63089573
-1.3195498
-0.0569157
-0.37239376
3.2603192
0.86100906
1.1962936
1.454381
1.1829135
-0.62062013
0.42810914
1.5956095
-0.58472735
0.3124091
0.4781678
0.38504827
0.39464962
1.2458545
0.7017667
-0.90748525
-0.17700252
-0.018776685
-1.3391374
0.90378636
0.6048299
1.4715881
1.6590844
0.82626235
1.0372925
0.05395151
-0.35334456
-0.957031
-0.4597577
1.2561451
2.4282994
-0.41406056
-1.2359748
-0.48952842
0.4155857
0.2254587
0.14475065
-0.13280398
1.2621192
-0.18276931
1.3301963
-1.5698864
2.9415843
1.6866406
0.7871526
0.9488231
-0.7402866
0.70953393
0.4665865
-0.5468224
0.6988045
1.4731647
0.4277431
0.971501
0.4566431
0.94185066
1.1437225
-0.10713914
1.4969354
0.098036736
-0.18003684
2.773179
0.6724668
0.45670724
-0.27692115
-0.679989
2.2039165
0.5385455
0.8519894
-0.56478333
0.7796851
-0.053452507
0.74288315
1.7588152
0.35666096
-0.32800597
3.1539323
-1.5533714
0.110240996
-0.29277775
-0.18620908
-0.1382244
-0.069824934
0.5911803
0.7624928
1.3885554
-0.21747014
0.990751
1.3894587
0.13197559
0.31329405
1.9602338
0.0011926293
0.31779855
0.6258289
2.2802763
-0.14651415
1.0859443
-0.8739507
-1.3372643
0.55436003
0.147155
0.900663
1.9682821
0.6540083
-0.3037072
-1.5483482
-0.2830645
0.79136515
1.5274104
-0.097056136
-0.05896753
-0.4705783
1.0716374
0.8711852
0.788527
2.7071738
0.3990444
0.8541261
-0.5139842
1.6209565
-1.6853422
1.7607676
2.8235378
0.29492557
-0.22307298
0.9189443
-0.40165162
0.90301687
-0.88594174
2.2819152
-1.0107183
0.8819182
0.38546276
2.4209306
3.2310197
1.989702
-0.975694
1.4621536
-0.61606157
-0.27946794
1.6877426
-1.2606049
-0.7402551
1.8088906
-0.5033066
-0.7849681
-0.47282505
0.14881822
1.859991
2.477705
-0.16140175
1.6142309
0.33264
1.4559122
0.9014162
0.15237302
-0.5524
0.08082259
0.0057435334
0.098997
1.7411261
-0.81369555
0.9160499
0.0885133
0.5277987
1.5423822
0.6384846
-0.5914987
3.5034714
1.0667437
0.43565488
0.07024872
-1.1063979
-0.5158947
-1.7820278
0.6671897
-0.55251336
3.7241216
1.3536311
0.7970035
-1.362774
-0.5674757
-0.8686592
-0.35237718
-3.475253
0.89984673
0.5038938
0.5913685
0.25783068
0.39789307
-0.6662847
3.2986248
-0.10610017
0.21954617
2.0560691
-1.4178212
2.4962444
0.59331757
1.2909348
0.72477996
0.3900118
-0.3714992
0.51028574
1.4117687
0.66950476
-0.7090168
0.34180063
-0.046750702
-0.5329014
-0.7446792
0.37073264
-1.0709671
-1.1365511
1.5630203
1.6626812
-0.42081773
0.38635212
-0.71208984
0.6740997
1.5504518
1.0118527
-0.65164477
1.3686829
0.78160167
1.4232119
-0.5819468
-0.12336683
1.8610448
0.4403223
0.88711256
0.9094722
-0.96845496
1.2743098
0.20831236
-0.42935437
-1.3336622
-2.092471
2.8492594
0.56218404
-1.2001202
-0.25167817
0.6104467
-0.29038402
0.3841927
-0.34938174
0.14837676
1.1059501
1.213084
-0.18826775
-0.20672189
1.6801386
-0.4480496
1.3215837
0.5158206
0.8083214
0.7114993
0.54609954
-0.8376101
-1.0745542
-1.9908066
1.4107174
0.4659363
-0.78601754
0.6193536
1.6063161
0.15980154
-0.6690024
0.07837048
-1.1954533
2.7923305
-0.5949362
1.6700741
2.1177163
-0.7686501
2.944732
0.6841903
0.9878106
1.3075082
0.87617624
3.1395307
2.461345
0.31802294
1.3644497
1.3614814
0.53708076
0.57021254
0.36608833
-1.8479493
-0.41877085
0.84051144
-0.84028834
-0.31019247
-0.059204936
-0.8982928
2.6931865
0.12009132
0.027631804
1.8600584
1.074955
2.5122004
-0.6117719
-0.45465904
-1.5255232
-0.8849692
2.7169378
0.13543081
1.6333752
1.0363811
-0.8388825
0.098860845
2.3379338
1.0650132
1.0038238
2.3012707
0.398049
1.6212133
1.7500917
-1.1447604
0.3050094
0.8070765
0.78812337
-0.20737779
1.813566
0.3109716
1.6146144
0.81185246
-0.6262555
1.9602888
0.28216708
-1.7733202
2.5165987
-0.572019
0.6016251
0.68899244
0.87018526
3.0472648
0.54144233
-0.3037014
0.18765414
2.273417
0.67361116
1.138017
0.7857766
-0.23815282
1.9241599
1.7051148
1.7964381
3.6814632
0.95227516
0.21597666
1.5081774
1.7831395
1.7569468
1.4904517
-2.225727
0.2982757
-0.99613476
-1.3624276
-0.47571594
0.8235741
-1.3069574
-0.38742965
1.4092834
0.32189378
-0.7136388
-1.7192407
-0.19878797
0.3878135
1.6092292
1.4431666
0.558707
1.2842079
0.8505975
0.46406418
0.10510048
0.6710122
0.6450641
0.9097823
0.27047455
1.3448907
0.24823833
0.9112209
1.8074689
1.7810626
2.2772698
0.1829032
1.5175102
-0.51882327
1.2503338
1.6258411
0.27275413
1.1588161
0.84767306
0.8226329
0.4033858
2.6050322
1.4530767
0.50723624
-1.7528462
-0.4345408
2.3234684
0.39399678
0.19423553
0.98678637
-0.800622
2.6749582
-0.24919063
0.67122215
-1.252148
-2.4197571
-0.16771787
0.8874073
-1.6581699
-1.4453683
1.9565922
1.9109459
-0.029949486
2.0667965
2.429988
1.0515337
0.47940427
-0.8932216
2.2677827
0.501564
1.8822017
-0.48836002
-1.6735365
1.544962
1.2276763
2.1963613
1.1007596
1.2050711
-0.83801097
-0.08404729
2.1312547
1.8284365
-0.70551103
-1.217803
0.81269604
1.1516573
0.88269615
-0.08210695
1.7668489
-0.16564405
1.3490452
3.3938174
0.92289853
2.503358
-0.29496872
0.2004123
0.56192577
0.36181834
1.1292713
1.1619015
1.4304844
1.2476268
0.10833901
0.37742597
2.1961474
0.82761014
1.351366
0.00087528303
0.71633667
0.07881285
-0.28755367
1.2207729
0.8625119
0.46120274
-0.6271343
-1.860671
0.6204549
2.5972736
-0.06562281
-0.78343034
-0.039391637
2.1320376
-0.42058983
1.1901547
0.49848047
-1.8512566
3.169569
1.2757497
1.527441
1.0720297
3.2502646
0.96372926
-1.2714014
1.0120752
1.0152811
0.43430865
0.15710628
-0.6023369
-1.04939
-0.38327256
-1.8888241
0.5800322
1.0632588
0.07600194
-0.4510237
0.5368298
0.19032829
1.321693
0.4541753
0.2252335
1.1590233
1.0662953
-0.70878005
-0.2703489
-0.26384735
1.6423593
1.9745097
0.4568014
0.6725866
1.1673158
4.248707
-0.5610586
-1.5517337
0.110768266
-2.3927486
-0.48489505
0.40632957
0.32806313
0.2223376
0.06279677
1.1423097
0.37636545
0.9210601
0.14604914
1.4144223
-0.20833397
-0.63012177
0.17926177
-1.0828414
0.99706495
2.2069678
0.035506785
1.4739201
-0.98659366
1.1630775
0.54816306
0.45421356
1.0202525
1.6933321
0.6388875
-2.2932634
1.6845329
0.2769988
-1.1666194
-2.2403197
0.14551193
-0.6005199
0.76691645
0.10009804
0.28048116
1.753205
1.1947913
-0.04525888
1.6085786
-0.18791023
1.3279235
0.65670294
0.21437454
0.8087496
1.0827956
1.9325571
0.929423
0.40530175
2.093419
-0.50689614
0.9184054
-1.2273217
1.3880086
0.17460759
3.5171156
-0.19621117
-0.8775072
-0.8830939
1.5907081
-0.11626175
-0.8508371
0.31429172
0.86048645
0.48411238
1.5052408
-1.6398997
0.79752433
0.015225515
-1.0441557
0.024385989
0.5606773
-0.4078791
-0.66137606
1.0674908
1.4445122
2.1953397
0.20062242
-1.888619
-0.719917
-0.3101859
-0.9582995
1.1404816
0.0833669
0.054243386
0.18789786
-0.82107866
-1.3953553
-1.308156
0.69056773
1.196172
-0.8025038
0.4808781
0.8486684
2.1341214
2.3493016
0.55117106
1.6300753
-1.8860366
-0.81215405
-0.40449578
0.5932936
-1.2346381
-1.6885065
1.3639777
-1.3087234
0.10074732
1.3671057
0.073557146
0.6849804
-0.22412312
-0.20193666
-1.8444746
-0.25889277
0.34206825
-0.3095126
0.764312
0.14246672
-0.70625764
-1.6990322
1.7415178
1.5775679
0.3904463
0.834769
1.4590187
2.3343887
0.3306391
-0.87726927
-0.5719264
0.9641905
-0.67241836
-0.20620303
-1.9253241
0.9351385
-0.23765004
-1.5857496
0.5690434
1.7399148
0.22815818
0.6259742
0.9266419
-0.40425548
3.3310575
1.7227
1.5501211
-0.8282688
0.3771916
1.6286174
1.5481501
0.80554116
0.9136881
0.020140648
0.7056939
1.64474
1.1120065
-0.11811876
1.0747986
3.8623304
-0.71609664
0.17802423
-1.9672439
1.2737491
0.35194635
0.6016947
0.100602865
-1.5090103
2.48136
-0.06542957
-1.334054
-0.5453372
-1.1930059
1.0193366
0.71525186
-0.6864925
1.0457053
-0.8859628
1.95766
2.2271478
-0.46034855
1.0980915
-0.29853743
-0.1243398
1.0652579
0.44350815
0.79925495
1.1755298
0.13430819
1.9959626
2.2157123
-0.12930101
0.06455906
0.926751
-2.1407943
-0.4656648
-0.62602943
-0.2600175
0.42456332
0.5749075
-2.5279698
1.9535882
-0.7324098
0.72139746
0.6463444
-0.21169928
1.7608583
1.8577871
0.5571596
1.141705
1.9450002
0.3548657
0.7944042
0.76810265
0.68919104
0.8068832
0.10608846
0.5264878
2.5364487
-0.94294214
0.50650597
0.65583575
0.20335627
0.27191013
1.4405847
0.022265287
0.55186415
1.1165519
1.2180355
1.9980271
-0.6389398
0.2296235
0.88815016
1.6859812
-1.065344
2.10528
0.65819705
0.983937
2.7127695
0.67130244
-0.19733533
-2.6822023
0.4630553
-0.24217989
-0.85417044
2.58211
-0.6814573
0.020284092
0.55569255
0.0015704632
2.41622
0.6431412
0.8539115
-2.2195237
0.33364552
0.022874445
-0.1830414
0.5420588
-0.16545402
0.5379809
0.417565
0.12355852
4.50156
0.648421
1.8025253
-0.8561394
-0.21580881
1.1450208
0.90959966
-1.4959764
0.1584473
-1.0602251
-0.045672838
1.6234115
-0.8772492
-1.4190284
-1.9114959
1.264075
0.1022521
-0.18086612
0.6265471
0.7795154
-2.368945
1.3392036
-0.32132998
0.95781064
-0.65533984
0.2297091
2.414479
-2.1602943
-0.33793247
0.05906222
-0.04375331
2.70205
1.0872664
-1.5044851
-0.6819452
-1.0111336
0.23297691
-1.5548464
-0.7434195
0.90471035
0.64197516
1.0556755
-0.66128993
0.97579163
0.5907805
-0.76745945
2.362245
2.92591
3.2016845
0.9862649
0.36028296
1.187948
0.038127393
0.11780648
-1.1513356
1.7856913
1.8002725
-0.16615993
2.3273752
1.0236802
1.4726934
0.5349539
1.2187146
0.016563028
0.28122497
0.32541904
1.2383323
0.7739172
-1.823885
3.0263362
2.6504788
-0.5574191
0.10420668
1.4712964
0.21483713
1.0314114
-0.051288724
0.49820688
0.29556054
-0.3298987
0.13741773
-0.07044062
0.3648873
-0.7246061
2.3106723
1.7091604
0.045738664
0.40980414
-1.0090587
-0.19880465
1.2386048
-0.39429003
0.7786876
0.8717689
-0.82806826
0.69435763
-0.3650174
0.64674157
0.4158566
-1.1291125
-0.39612448
-0.83800364
1.3760033
-0.39084342
1.2151749
2.646435
1.3383176
2.026185
2.4228456
0.19180271
1.6098908
-0.07541919
2.0883374
-1.2602804
1.0186613
1.0759132
-1.7331946
0.5755125
2.6857383
2.3552477
-0.29225144
0.832264
-1.4471705
0.8285453
0.7396141
1.5705004
0.12400472
-0.7381718
-0.6709057
1.642438
-0.6037075
0.7553321
-1.1977785
-0.3574328
0.15895185
2.9008949
-1.5208442
-0.64983374
0.57064116
-1.1949543
0.47109884
1.1680238
1.6453657
1.7752019
-0.69620526
2.2652173
1.2967688
-0.011977807
1.9305482
0.17862965
-0.1618447
0.67755693
0.9722027
-0.40097332
0.08278671
1.1442902
0.5425662
2.3374457
0.10615206
3.0674586
-0.8484945
0.3623952
-0.6936227
0.3015598
-1.0857338
-0.39250305
-2.1800482
2.1818283
1.6982929
0.25147182
0.06170252
0.99963826
1.9115698
0.58861876
0.8284522
-0.16050684
-1.2154044
0.607492
0.7757829
-0.35345435
1.0737917
1.5102379
1.4648405
0.42671332
0.71408755
0.97237813
0.60585666
-0.77083784
-0.94473
1.1960132
2.5557306
-0.63798165
0.48178712
-0.15193859
2.2778907
1.129354
1.57345
0.07189131
3.2636337
-0.40261853
-0.51967657
0.2254974
-1.1269206
2.904872
3.5402744
1.2120994
0.12330973
0.91562647
0.05644411
0.3172537
-0.4685924
-2.662664
0.2301536
-1.1183798
-0.09902221
0.90668595
-0.056931667
0.7040191
-0.058438808
0.17860056
0.58245474
-0.46564797
-0.28565386
-0.23135775
-0.043049812
0.4248838
1.1493022
0.46174452
-1.106641
-0.32466555
0.8093625
1.9272289
0.9844093
-1.3754494
0.51935744
1.3686793
0.37937436
-1.7983203
0.5929884
0.44644168
-1.7219447
0.19336188
2.6322396
-1.4899127
-0.12539482
-0.90801954
1.611683
-0.7657937
1.4947333
1.0777975
1.1042013
0.3096807
0.7133833
-0.43925953
2.5227919
0.57905954
-1.0637059
1.3247426
0.025505135
-0.7894709
1.3981296
-2.2280443
0.83207947
-1.8963414
1.0287415
1.9950777
-0.5722604
0.44976842
0.41716185
1.5588955
2.392165
0.2853798
-0.57592547
-0.2653653
1.4914398
1.2620567
0.5208355
-1.0809854
0.5375025
0.7929447
-1.1197934
-0.05667764
-0.14387599
1.8692456
0.44706574
2.0693111
1.0455971
-0.11471921
2.6055057
2.3908715
1.226547
0.8646951
-0.067423224
1.4247262
-1.6054115
1.7347069
1.1895013
2.428494
1.4491519
-0.61940014
0.3545636
0.18491125
-0.8078731
-1.1896343
-1.2306559
-0.7368406
1.7566392
0.038012862
1.1167352
-0.2067208
0.63504463
0.56643295
1.3051492
-0.3492607
1.6304396
-0.10313916
0.67161494
0.83043987
-1.3634135
4.295833
0.4566748
1.1883622
0.5953483
0.36633968
1.0928158
-0.22913766
2.1316054
1.4241426
0.4395884
-0.52737135
0.6671978
1.9904428
0.03740722
0.38991204
2.6433985
4.9906316
-1.4344728
0.1470871
2.7427998
-2.0545607
-0.5911356
0.5703646
1.1816068
1.1185614
0.19109851
1.2008594
0.18122432
2.8462484
0.6943335
-0.14156556
-0.20254129
1.4825264
0.22876215
1.2741969
0.32152316
1.051261
1.7320528
2.4542217
0.987559
0.32362413
0.67100996
-0.42563546
2.9134815
0.21195243
-0.11469388
1.1171343
3.1008532
-0.2929236
0.21904194
-0.1382643
-1.7219589
0.44982255
0.6732205
2.1537857
1.6045413
3.9190614
1.9561958
0.13581848
3.7895226
-0.26286602
-0.55362755
0.094530076
-0.54002535
0.395728
1.3604352
1.5964956
0.9201227
1.8119284
-0.54315317
2.2528155
1.9751598
0.98027647
2.9981604
1.7228192
0.71918494
1.9243531
-0.11223853
1.2984495
-0.16778515
2.1256819
0.5708673
0.411318
-0.1770438
0.96763015
2.1231039
1.3061888
0.019430041
0.55137146
-0.22845401
-0.3964965
1.3010769
1.0432608
2.4169047
-0.83276796
0.20190227
0.2750853
2.9696784
1.427273
0.2613666
0.9630912
0.007923424
1.0446546
-0.7996782
0.6061664
-0.33769536
-0.033374548
1.2327898
1.6630023
-1.213213
1.2153339
0.32940716
-1.4834483
0.89927495
1.2013144
1.2228711
-1.2578425
2.0418298
2.9107049
1.2674403
1.2927718
-0.71551853
1.0398185
-0.82470584
0.56639636
-0.604447
0.34635174
0.13846715
0.4897486
1.6348908
0.92235225
-0.73323214
-1.9585683
1.8064562
-1.2106841
0.41320032
-0.9422811
-0.1470145
0.51670325
1.7145995
-0.37278163
1.5618937
1.7728647
0.57541656
-0.3392297
1.98438
0.09255642
2.6582904
2.5083232
-0.08808136
0.83399737
-1.0802997
-0.48946208
-0.24962696
1.1205082
0.7596284
0.9575122
1.0591505
0.1430762
0.57633615
-1.5523437
-0.43408933
0.04830055
0.27998063
0.48202315
-1.5374653
1.1139326
1.2284771
4.2141256
-0.4495198
0.5597217
0.045460343
0.83501065
-1.7692481
2.6472883
1.1107907
-1.2938805
-0.51991624
1.9803847
4.2657113
1.6188567
-0.21711457
0.73057103
0.5601975
-0.6148313
-0.4304085
-0.8968716
-0.47336993
2.1291373
-0.46409398
0.32497704
0.149948
-0.50545454
-1.0878537
0.7398063
0.73794824
1.8284318
0.98769915
0.22025132
-1.9541003
0.70992756
3.0711164
0.124416634
0.0574105
-0.29710788
0.23795624
1.7653382
2.5425978
0.46053654
0.8186413
-0.299765
1.3270253
-1.1386387
1.3203151
0.78889406
0.558303
2.1519833
0.6452064
1.3923377
-1.5248537
2.8541176
1.1211174
1.5683446
-0.1824292
-0.7336532
2.5773501
0.9262143
1.9193225
0.64871603
-0.60868233
0.53847784
2.1937938
-0.6907475
0.28287977
0.03460753
0.7189745
0.13704848
-0.52395356
0.12974079
0.66333705
0.1841222
-0.33085728
-0.6243803
1.2587804
-0.27223366
-0.6893488
-0.024868429
1.5218996
0.96195287
-0.09895007
0.77053416
0.96626014
-0.45444372
-0.5867883
1.7886105
0.8535118
0.61976653
-2.3861547
0.5840982
0.39972615
0.82182926
-1.2720963
0.423145
0.89871216
0.9236102
-1.7264297
-1.586153
1.1511152
0.36986613
1.2677323
0.81851286
0.74134624
-0.06921791
1.0782816
2.6592777
-0.6307619
-0.0011605024
1.0543334
0.72751194
0.88813347
-1.7000997
0.66591394
1.3281775
0.43999776
0.48802269
1.2742426
0.089517124
0.63813835
-1.4675802
0.1078459
0.668995
-0.5688539
0.7633753
2.053607
-1.1241477
0.6229288
-0.04240778
-0.8530971
1.3365726
0.42957687
-0.34642732
-0.8434795
-0.8355968
-0.88757306
0.42040062
-1.0490342
0.39893365
0.22832632
0.7284273
0.036009993
-0.088915534
0.51301175
1.5567603
-1.561435
0.2226692
1.2483175
2.4457877
-0.1621174
2.1183913
-0.16207957
0.12213373
1.8139879
0.59934074
0.7770746
-0.3933909
-0.7913563
0.5232571
-0.99922794
0.87538636
0.5715505
-0.30031377
1.0825231
0.8599638
0.41463947
0.9906006
0.29651055
-0.88795507
-0.48760265
1.147126
1.2061375
-0.29293627
2.352658
2.1927671
-0.39657176
0.75576836
0.19203225
2.639186
-1.2996564
-0.42510128
1.1175747
2.5697336
-1.0234841
1.490731
0.42378622
1.352921
2.0881941
-1.298894
1.4955585
0.36360264
1.6272182
1.7764418
0.8984799
0.88783574
-1.6863925
1.5714296
-0.46436602
0.68707305
0.2761404
0.09499586
-0.883656
-1.3031336
0.981288
1.2371442
-0.12439813
2.13087
-0.031093597
0.62641144
2.7565165
0.8600702
0.78844154
-0.18175682
-0.8728305
0.27092272
0.48884642
-0.0013061166
1.88737
-0.6067114
0.8082551
1.5478587
2.6177914
1.4102699
-0.71592826
0.84105253
-0.6966561
1.1079881
-0.640342
3.6551592
2.2287607
-1.4888339
-1.252003
1.293287
-0.0010369159
1.4378688
1.1394042
0.7887862
2.1036654
0.6355252
-0.8230438
-0.59456134
1.5443987
1.8895153
1.8232565
0.48283285
1.9371799
-1.8114781
2.2845063
-1.1777554
-0.29888028
0.05887041
2.861854
-0.8250302
-0.9957887
1.7746276
0.8224543
-0.3819821
0.93007386
0.98681545
-1.6344007
0.69132066
0.87764394
-0.16998667
-0.3475216
0.64422685
1.0954803
1.0985199
1.5809174
0.075989336
1.081003
0.71548533
1.5759571
2.1472168
0.46341023
2.0628283
0.48947236
-0.7694875
2.6982067
-0.1895616
-0.16618021
1.6855893
1.7144599
0.51855534
0.6431957
0.78829724
0.20394224
0.19748014
0.18031526
-0.91729313
0.4091095
1.2799076
0.69326824
0.6048614
0.01749444
2.2076533
-0.7618657
0.71606076
0.8965863
1.7314157
1.3781794
1.4178497
2.2007973
0.3923604
0.20322643
1.1966757
0.6003018
0.57710737
1.8387809
2.3293724
1.4011936
2.5027096
1.782411
-1.0412745
-0.21624076
-0.76510143
0.53953683
1.5091377
1.7673476
0.38396907
0.73916066
2.0983677
2.3438492
1.1816201
-0.6388253
-1.0159937
0.5357409
-1.045254
0.5785915
1.2805452
0.57336515
0.54887384
2.6177092
-0.5616332
0.90641135
1.3885014
-1.877358
-0.58198977
0.12477021
0.9067943
0.34125698
-0.048487507
0.9623265
1.3508317
1.5059688
0.3426491
2.1637535
-0.3796708
-0.6663623
-0.5483375
-0.7643182
1.7798977
1.2087886
0.477204
0.18739997
-1.1269014
0.9781176
-0.08533019
-1.2362169
1.7940506
1.9320862
0.66225964
0.34814638
1.8663821
0.09111748
-0.08722223
1.15513
-1.3728888
-1.3211908
0.48674333
-0.86725265
1.1637678
0.6299135
0.08608527
1.9350791
0.18679881
0.6309578
-0.27462813
-1.8325813
-1.6279821
-0.86622524
0.72965604
0.06332329
0.8897285
0.6178283
1.5331775
-0.10178536
1.1579064
-0.09391165
-1.6509099
-1.4179353
2.2584038
0.7088189
2.0086641
0.9393249
0.33560044
-0.054701835
3.5686402
-0.958559
1.4823511
0.5480117
-0.20792627
-2.60302
0.3323759
-0.08950925
-1.222914
3.1518936
0.603142
2.0993512
0.33403802
0.3173816
1.00973
0.6664736
4.4467454
0.73221767
0.085268915
-1.1561917
1.850577
1.0292163
0.8995333
-1.1033213
1.3080873
0.5183543
0.8650518
1.8188121
0.68182576
-0.032523856
0.71246177
1.309828
-1.5245275
1.4914558
-1.0392499
-0.35956803
-0.92727625
1.1470121
1.0171384
-0.9168272
0.04640737
0.7923981
-0.60790867
1.5368247
-0.2641434
-0.42938995
-1.1015503
-0.7989336
0.7624314
-1.1487541
0.06660244
2.0649338
-2.482433
0.26958108
-0.44866335
-0.38756117
-0.107109666
1.5172005
0.14142781
1.3173916
0.8337476
2.4610183
0.91672206
1.1231925
1.051084
1.2914708
1.5304519
-0.11963749
0.077854395
0.7604905
-0.30727935
0.38905105
0.36380148
2.6917236
0.27949482
0.5753088
-0.04105899
1.7528802
0.7805921
4.7014956
-0.4739512
-0.79096663
1.5564262
-0.319595
1.603307
1.7592072
0.7082275
-0.04777293
-0.013186455
2.2412913
1.8625735
-2.2330077
-0.41873914
0.17640507
0.9152298
-0.11677331
1.2821912
-1.0869534
1.0687712
-0.040142715
0.4623096
-3.5616503
-0.17828989
0.09557164
-0.1295591
-1.178703
0.7619521
1.2712553
0.8586991
0.6572893
0.15984797
0.76118433
2.5646389
1.3163352
1.3573418
1.4892932
0.01636383
0.7948672
-0.58080536
1.1755298
0.8417565
0.082275145
1.4364727
0.14102691
1.0881034
3.1555076
0.257338
1.3946398
-0.6377343
-0.48032117
1.7936177
1.758187
0.8659898
-1.4119009
0.7555158
0.79960835
0.36018997
1.6270312
0.8917269
-0.78554946
-1.1089447
0.085544705
-0.95720565
-2.1561441
0.21922702
-0.2939316
1.150388
1.2406946
1.8119149
0.30478406
0.5888989
0.99718374
0.2653688
0.13316786
-0.3773297
0.77576023
0.16722313
-0.59548223
-0.6264062
-1.184658
-1.7539306
0.90692055
0.92552865
0.83018446
0.59965444
0.48623326
0.10402739
0.41424912
1.4308927
-0.76158655
0.7364912
0.88225687
-1.4719316
-0.39882433
-0.15750146
3.1527083
0.4547898
0.49040687
-0.9210732
1.8922437
-0.42467877
-0.7931753
-0.38384694
-0.03115949
0.74112165
0.9878937
0.72628987
0.06912169
-0.52950966
0.0010612011
-0.39826232
1.1416106
0.87766755
0.77753705
1.2893157
-0.2835143
0.7212045
-0.57239866
0.5951896
-0.22435862
-0.10739763
-0.4924006
-1.6456013
1.096472
2.394122
-1.0813239
1.1096812
-2.963878
0.7663602
2.5434256
3.6538432
0.7616728
2.0482414
0.563212
-0.68358314
0.13306105
1.7613686
0.8936942
0.3695773
0.23031878
-0.7333987
0.44291234
1.7530043
1.8468145
0.88574964
0.03968981
1.7109184
3.7177012
1.7373409
-0.8029217
-0.88869923
1.1266366
0.35043335
1.4105359
0.19663793
1.320063
0.13782062
-0.6166645
1.738315
0.42156315
0.56916255
0.58783597
1.6881692
0.579368
-0.535301
1.6845368
1.7837434
0.47300768
1.5197845
2.9701147
-0.2386173
-0.34563172
-2.000762
0.3123247
-0.040205
0.2007151
0.19725662
0.5418467
-0.084941626
-0.30937222
-1.1310647
1.1143339
-0.888779
2.4686775
1.1975067
0.20716116
1.0110803
1.7779361
0.5087539
-0.37693518
0.26845238
-4.235938
-0.88492554
0.7788267
0.22802728
1.4588686
1.3976045
1.9214134
0.6884549
-0.7439413
0.41222548
1.4971578
1.0629783
0.3115726
-0.3158064
1.6348722
-0.6143707
-0.94961
1.2230763
0.90964425
0.5647812
0.36783302
0.0024450857
2.8019204
1.1009194
1.1379361
1.6291548
-0.32878605
0.45901603
1.4871929
3.543334
1.9175264
-0.35039496
1.7606034
-0.36047155
-0.0518696
0.41809604
0.45250732
0.4850768
0.9246133
1.0107249
3.7911232
2.710858
2.9263945
1.9318821
-0.41996276
2.0316715
1.2412741
0.75764894
-0.42126846
1.2181236
0.8595748
0.4851941
0.90117085
0.67498267
0.7479001
0.08582273
-1.8308793
-0.009374261
-0.9790453
1.8795503
0.06667358
-0.005240947
0.24563727
0.0406788
-0.11286527
1.3908832
0.7291417
0.5458495
-0.92731416
-1.9993368
-0.73251796
0.022663034
2.2825203
1.6110488
0.48685464
-0.07561982
-0.35919076
1.4056937
0.42104143
-0.502227
1.0433818
0.6489699
1.0028412
2.0674684
-0.63364685
1.6152315
0.28322518
0.37062883
2.2496119
0.5938802
0.9640404
0.028802097
-0.43454814
0.431663
-0.25891265
0.39058068
0.37028933
2.594534
-0.25577304
0.9749736
0.30475703
-1.2721254
1.3823293
0.0100253355
1.8787769
1.662388
0.7315005
1.5702944
2.0310647
-0.41567254
1.7884123
-0.36783993
-0.40859297
0.33365846
0.17197132
0.44910023
-0.4810626
2.0195186
-0.118557274
-0.64327306
1.8711529
1.0619473
1.6225435
-0.7281673
2.18189
0.7364539
0.15189928
-0.41052878
2.5914214
-0.37409842
2.3360326
-0.36620456
-0.34814677
2.793714
-0.7733345
1.5386442
1.5607715
1.1247795
0.8155808
0.9387599
0.58335906
1.6344663
-0.44188273
-1.4881058
0.5321201
-0.5291767
0.5983469
-0.4626478
0.4100898
-0.57536256
2.0763063
1.7454973
1.9910773
-0.44741338
1.3173339
0.40324378
-0.3920529
2.4822202
0.21977973
0.7061479
-0.75833714
0.804924
0.5172396
-1.0051082
-0.7308351
-0.70969015
0.08427791
0.018186051
2.113785
-1.5118518
-0.7604886
-0.26237845
-0.60076666
1.05682
1.6876217
1.6320366
-2.1398373
0.47991896
1.012446
0.1415044
-0.71979547
0.8333168
0.9690142
0.76575637
0.4873816
1.7092607
-0.8977504
0.98707867
2.615748
-0.23129024
2.2995925
1.2249401
1.969674
-1.1705745
0.48135144
0.48610687
1.1396949
3.2272794
2.8246317
-0.44261754
-0.4537936
-0.048206687
-0.32651758
1.7921365
1.2786549
0.17825395
2.6925704
0.11941689
0.06329996
-0.09673387
3.0794156
0.2908587
-1.3830378
0.14862195
0.2715544
3.8731475
-0.5933349
0.1478523
-2.9202795
0.8859516
0.64042395
2.135931
-2.6143374
-0.007085651
-0.15308127
0.2486589
0.4885019
-0.71151763
-1.3869779
-0.956722
-0.37521902
0.93006146
1.80385
-2.28904
1.4701791
2.0238702
0.65938026
2.1414914
-2.4949923
2.728114
0.70019495
0.9542788
0.3553704
0.92756563
2.4860477
-0.26338688
0.35883683
2.4420772
1.706057
0.41629946
0.05322063
1.625681
0.94605833
0.62833273
0.7987333
0.36746514
0.5522627
-0.6034163
0.67355055
1.797951
-0.67340696
-1.9292551
1.2538245
0.7454461
1.06724
-1.8717936
-1.1705773
0.6063203
1.2088886
0.70486844
-0.49565053
0.09983435
-1.5178702
-0.35894468
-0.167418
-0.9649887
0.49094713
-0.0021836758
1.2828217
0.79011303
1.0066683
1.1500381
1.5358801
1.6105757
0.034945223
1.3534968
-0.1390658
2.6074393
0.7875952
3.0678976
1.3245679
0.34799314
1.2615981
0.87469953
1.17857
0.27183607
0.014124354
-1.4708946
1.6423635
2.194321
2.2468185
0.9350683
-0.8311262
-0.7799941
0.50708306
-0.31316167
-1.0549892
0.8967166
3.2295427
1.4820435
1.2694671
2.1984484
0.9134918
0.6971279
2.9685273
2.2850633
1.8032033
2.252583
-1.7469705
-1.0982192
-1.3497535
1.1101408
0.26395372
0.0007259548
-0.22121894
1.7709332
1.7354596
-1.7421983
1.0459902
0.052216426
1.4792936
1.8329813
1.0852771
-0.65559417
-0.2313218
0.8585713
0.27699447
0.55540085
2.5781069
-1.7877995
0.9701944
-0.56179315
0.1584304
0.6200501
0.9429919
0.48883024
0.5822672
-0.8363129
0.00074344873
1.1283376
0.6266951
-0.9237555
0.17591706
0.55659676
-0.80061567
-4.300728
-0.83424854
0.8827709
-0.5872693
-0.6156008
0.14438778
0.5199873
2.2014964
-1.8557398
3.001137
-0.36222938
0.77624834
4.6814504
-0.12423308
0.62241066
3.113516
-0.7839269
-0.6564646
1.568941
1.4766598
1.8924725
-0.65001756
-0.701275
-0.9544234
0.58798134
-0.65578306
0.17627347
-0.7657993
-1.0346247
0.5863888
-0.035913914
-0.4467699
2.0608394
0.10274714
3.7625744
-0.24095324
3.446497
1.716915
-2.359745
-0.30229458
0.014768233
1.2913178
-1.1410481
1.482716
0.584703
0.9684504
1.3272333
0.03391148
0.007178426
-1.5278512
-1.8360223
-0.50299203
0.14165938
-1.0676638
1.0634043
-1.0822191
-0.67718935
1.032134
1.5178165
1.7938722
-0.35372806
-0.12706125
1.7537042
0.5693082
0.26406193
0.82069653
-0.27762234
1.0508354
0.68028045
1.049047
-0.7641748
0.67917603
3.730012
-0.6235964
1.6507686
0.6935539
0.21347722
2.5511312
0.106934845
1.974593
-0.81302965
-1.4034536
-0.25415328
0.10377154
2.342822
-0.0002536066
1.7879127
2.0409596
0.25748968
-0.48992544
0.7923042
1.5550497
0.5759382
0.6712755
-1.114623
-0.89064753
-0.055534363
0.8043377
3.28371
0.9088444
0.49264634
0.72601074
1.3453822
-0.58900374
2.6785889
0.4690205
1.3350264
0.05045232
0.65417486
0.69997674
-0.85392004
1.0716733
0.5618284
1.817791
-0.100440025
1.44049
-0.8574045
0.2713744
1.171827
2.2566504
2.136823
1.696577
0.31240207
0.7567034
-0.8587285
0.84524715
1.361304
1.1394246
0.8126377
0.8126377
0.8001822
0.35211062
1.9228874
-0.3259778
-0.16345227
-0.6972827
0.38339183
0.9617929
1.026761
1.0705435
-0.5386672
0.118901074
1.2057545
-0.32592714
2.7142613
0.6237433
-0.36513075
-0.7234611
1.8040227
-1.0731606
-0.09988479
0.7615118
-0.37772796
0.07620692
1.1795058
-0.37510103
-0.77799046
-1.5516537
1.746735
0.101288944
2.0828362
-1.6548105
0.5181755
1.1222808
0.66816115
1.6778697
0.22593737
0.83994484
0.5570276
1.6636446
0.06856275
1.298951
0.11696243
1.0333613
2.8732085
-0.25382882
2.2767932
2.501633
0.52080274
0.99669796
1.3155862
0.61825573
-0.7288914
-0.7142049
-1.2048631
1.512633
0.38707566
-0.933781
1.1627027
1.2467209
0.9168627
-1.1854697
1.1297204
1.8517219
-0.27366745
0.13219434
-0.8680465
1.4589297
1.7365847
-0.32548627
-1.3587596
-0.61162174
1.4834579
0.39414528
0.66879654
-0.033561707
0.7261076
-0.13690765
1.9698771
0.09731503
-0.7334755
1.0940197
0.012610304
-0.5772874
3.1240869
0.6867204
2.2308526
1.9842908
0.1424336
-1.5750619
0.39145756
0.60204875
0.12974079
2.5035748
0.74707973
-0.38705483
2.0645576
0.9899802
0.49786434
0.99786067
0.6574125
1.5223697
-0.08379528
2.0387602
0.7441783
0.5211482
-0.6291017
1.4089911
-0.55023175
0.3740322
2.097875
0.16590008
-0.26962852
1.5023355
1.5908902
1.1001953
0.60583794
0.10237306
1.9515119
1.1045997
0.3460695
-0.35118937
1.7958164
4.3642373
-1.9248079
0.34102252
0.50436056
1.2092162
-0.008574292
0.34881607
1.3282075
1.4952428
-1.4032456
1.019041
0.330755
0.70688695
-0.37442356
1.178535
-0.53562176
-0.0062826276
-3.2084973
1.243749
-1.2053552
0.69132435
1.9235271
1.581882
0.368148
1.0097239
-0.3523502
0.07915275
1.2463009
1.5113078
-1.0086055
0.6351521
0.12103748
0.9412409
2.7165914
-1.128362
-0.9820092
1.4657491
1.3928453
1.5998777
-0.50869375
2.7197874
1.1810759
2.5796452
-1.182488
0.097167246
-0.7478131
0.9111514
-0.20648175
0.0047985977
0.39821133
0.5703614
-0.026886284
0.048912466
0.7969404
1.8529767
0.97393316
0.8099156
0.13618094
-0.42302573
-0.15938461
-1.962304
1.7725022
0.39041245
0.6003723
-0.10676336
0.38015884
1.1384068
0.08907351
1.5073965
0.0028491626
0.048341986
0.8054536
-0.8784785
1.9211713
0.68660665
0.1324395
0.30451667
3.9186513
-1.0788007
-1.5107253
0.7464532
-1.057638
0.8905685
0.51974297
0.79851675
1.0519645
-0.49378306
1.0619155
2.1169496
2.2875166
2.3013644
-0.8293403
0.5448493
-1.1120788
0.07305074
2.983202
0.93220085
1.0876704
-0.11176145
0.25778714
0.8284498
0.7772164
1.9456515
-0.4247956
1.9454796
0.14542633
1.4278023
0.8571914
-0.67296255
2.975274
1.1569313
0.11751881
0.18349491
0.4568017
1.2262185
0.9030777
0.03947091
0.92976433
0.011958241
-0.82134336
1.5309893
0.44300532
0.15390033
0.56660247
-1.3255699
-1.3676164
-0.95562875
0.5332669
1.8963327
-0.18138474
1.721214
-1.3594338
-1.0274326
0.9768485
-0.22682571
-0.8241658
1.1599306
-0.35853907
-0.3405596
1.3130176
1.8090901
-0.33425325
1.649799
0.6239493
2.9063044
1.1371944
-0.8122149
0.51984036
0.21558386
1.6659418
-0.2881167
1.321693
-0.27437237
3.0653625
0.33818197
0.24993366
-0.19826236
1.5191247
-0.5251176
1.2836196
0.7091229
2.679918
2.0056655
-0.40715182
-0.39636618
1.9403946
1.6305294
0.31059355
1.8011504
0.04434222
1.0190744
2.8730872
-0.3298294
2.2838774
1.9759324
1.723995
0.24393374
0.9311853
0.42349756
1.0610212
2.7150822
0.0093688965
1.2927821
0.63059217
-0.5767467
1.7829735
-1.0736037
0.641862
0.8109499
0.6021371
-0.5609569
0.14261168
-0.8915801
-0.65696245
-1.6980832
0.69615906
-0.49443293
0.15654707
-0.08841795
0.89214516
1.372093
1.2038864
-0.7243077
2.3442397
-0.23285195
-0.04870823
-0.2981486
-0.5561384
-0.21322793
-0.44807798
0.94343674
-0.44181472
0.1291797
-0.212228
0.70987445
1.389633
-1.5268674
0.64063954
0.011341928
1.4054453
0.013930528
1.5532252
1.1579812
-0.6936364
0.14336477
-0.15079463
-1.6343933
-0.94808036
1.0053824
-2.402977
-0.2928728
-2.3984585
0.3886078
0.06402516
1.3371483
0.21748163
1.8709025
1.1633682
0.45222557
2.3854992
1.4112283
1.951329
1.7155118
1.3821708
1.6959616
0.6295167
-0.63502324
0.53479326
-0.32888004
1.1998457
2.1026042
-0.19562283
1.8654052
0.6180017
0.36813045
0.7993869
0.020861506
1.1483637
1.27355
1.9016939
1.2506335
-0.12325579
0.19348869
0.9527852
0.78464717
-0.29778922
0.794794
1.2961956
-0.3580607
0.3904075
0.9561436
1.1932836
4.884574
-1.3451885
2.7727847
2.2577715
0.75953394
-0.6146003
0.44820487
0.6140054
1.3348316
1.9855168
-1.7790301
2.7287753
1.5253246
1.7318844
0.37802416
1.4555197
1.4837506
2.1898837
0.22969641
-0.1464751
1.5944041
-0.093705565
1.6275094
-2.1668727
0.7941132
3.592558
0.0012364162
2.321386
-1.4817019
0.7587339
0.20854092
1.6491482
0.23276436
0.67755693
-2.2322156
3.0286214
1.2433712
0.800043
1.4527123
0.005941557
0.005941557
1.8829057
-0.046835482
0.010777418
1.211616
-1.0700538
2.1600144
-0.102968514
0.5139557
-0.41561168
2.3728924
-0.4024396
-0.7586625
2.9878604
0.28249335
0.14750141
-0.2990647
-0.17313763
2.1138484
0.44453922
1.3276601
