0.13867188
0.47753906
0.08837891
0.56103516
-1.05322266
1.56152344
1.64453125
-0.29541016
-0.68066406
1.87255859
-0.45117188
0.89111328
1.42187500
-1.00537109
-0.81054688
-0.42187500
1.16992188
-0.37500000
0.80566406
-0.74658203
0.70703125
0.34179688
1.02734375
-1.53417969
0.74218750
1.65380859
-0.19921875
-0.63916016
1.79394531
0.85546875
-0.22656250
-0.75537109
0.06103516
1.28613281
-1.41601562
0.72851562
-0.15332031
0.44335938
-0.23437500
0.01953125
0.18945312
-0.28271484
0.68994141
0.32666016
-0.09619141
0.12207031
0.47949219
0.26074219
-1.22949219
0.37890625
-0.95312500
-0.50097656
1.63574219
-0.19482422
0.10400391
-1.51074219
-2.55273438
0.04833984
0.74755859
-0.30859375
1.08056641
0.97460938
-1.12060547
0.17724609
0.48437500
0.85449219
0.28662109
0.11035156
-0.69189453
-0.17724609
0.73583984
1.20117188
0.20068359
0.03417969
-0.71337891
0.45458984
-1.37011719
-1.37158203
1.83349609
-1.37158203
1.20605469
-0.13330078
0.30078125
-0.63623047
1.62060547
-2.25781250
-0.52734375
0.31445312
1.54345703
-0.22265625
-0.09667969
-0.24560547
-0.09228516
-0.65820312
0.67480469
-0.88916016
0.24316406
-0.57714844
0.06982422
-0.20361328
0.94384766
-2.90380859
1.50537109
-1.71240234
0.54980469
-1.02832031
-0.29150391
-0.58154297
2.73681641
-0.27392578
0.64453125
-0.91357422
2.11523438
-0.40136719
0.98632812
0.29833984
1.48681641
1.91210938
-2.04638672
-3.42822266
-0.09472656
1.10205078
-0.64746094
0.53857422
0.63769531
-0.86181641
-0.14062500
-1.25341797
-0.84619141
-0.10302734
-1.33496094
-0.22021484
-0.32421875
0.67480469
-0.51123047
-1.11181641
0.25585938
0.32617188
1.24462891
-0.53906250
-0.17236328
0.36669922
-0.04931641
-0.31738281
0.14697266
0.58544922
0.41162109
-0.99414062
-0.58398438
-1.15673828
-0.27246094
0.37255859
2.44238281
0.93505859
-1.90234375
-1.35498047
0.91357422
-2.24902344
-1.45166016
1.08447266
0.22119141
-1.35986328
1.25244141
-1.02001953
2.25195312
1.99121094
0.30078125
-0.09912109
1.23583984
0.45507812
-1.54443359
1.94140625
1.23291016
1.05517578
0.41455078
-1.03906250
-1.15429688
-0.95800781
0.68847656
0.10351562
-1.80664062
2.69531250
0.08593750
-0.03173828
0.06396484
1.09814453
-0.48632812
1.26855469
0.79443359
-0.48681641
-2.22900391
-1.68554688
3.58691406
-0.40136719
0.77050781
0.13720703
1.00927734
-0.57421875
-1.47021484
-0.00585938
-3.20263672
-3.04150391
-0.59960938
1.26708984
0.82373047
-1.18505859
0.32226562
-0.32177734
0.80273438
-1.51269531
0.35595703
-0.43701172
0.84863281
-0.43750000
-0.86474609
0.12011719
0.34277344
2.04394531
0.48876953
-0.67529297
0.09277344
2.00390625
-0.62841797
1.26464844
2.04150391
0.67333984
-0.43310547
-0.08691406
1.70556641
-0.51269531
-0.42089844
-2.38183594
0.81054688
0.03076172
0.08251953
0.24951172
-0.27734375
0.11669922
4.65966797
0.04589844
1.85546875
-0.69921875
-0.53906250
-0.75585938
0.21826172
0.84912109
-0.54492188
-0.61767578
-0.48242188
0.66064453
1.34375000
1.07568359
2.77539062
-0.32812500
0.95068359
1.84521484
1.14160156
-1.89160156
-0.69140625
0.74121094
-0.10351562
-0.11523438
0.26513672
0.47070312
1.60253906
-1.51562500
-1.96142578
-0.43798828
-0.55615234
-0.45166016
-0.09228516
0.54736328
2.92773438
1.88720703
0.39648438
0.04833984
-0.02929688
0.31884766
0.12109375
-0.24511719
-0.48242188
-2.02587891
-1.84570312
-0.59130859
1.12890625
-1.03759766
-0.50634766
-0.66113281
1.22412109
-0.63525391
0.17236328
-2.35595703
0.09082031
1.02099609
-0.41455078
0.39013672
1.46435547
-0.20361328
0.98388672
-2.67822266
0.97314453
-0.98876953
-0.42431641
0.23535156
-2.13964844
-0.27099609
-0.21923828
0.28759766
-1.01904297
-2.66650391
-1.70507812
0.66064453
1.21630859
0.37402344
-0.81054688
0.60253906
1.35400391
-1.20458984
1.42480469
-0.57080078
1.02929688
2.63720703
0.74365234
0.86328125
-0.48632812
0.50146484
-0.16552734
-0.69628906
2.58105469
0.03662109
0.80810547
-2.00048828
1.35839844
0.00097656
-0.07031250
-1.45849609
0.16064453
-0.33837891
0.20263672
0.73974609
2.51708984
1.44482422
0.14013672
0.10400391
0.22363281
1.41650391
0.34082031
-0.25292969
1.28759766
0.44775391
-1.34814453
0.14501953
1.28759766
-1.23730469
0.12597656
-1.32177734
-0.67041016
-2.11376953
1.16210938
-0.52343750
-2.19140625
-0.13427734
0.01074219
-1.20410156
0.10888672
-0.30468750
0.99316406
-2.51855469
1.34521484
-0.09033203
0.16552734
-0.78417969
0.25830078
0.00732422
-1.86181641
-0.32861328
0.26806641
-0.44140625
-1.86328125
-0.73583984
1.64599609
1.26660156
1.09863281
0.78027344
-0.64648438
1.99707031
3.03076172
-0.03808594
0.77929688
0.09179688
2.23242188
-0.72070312
1.50195312
-1.48437500
0.26806641
1.43798828
0.64257812
-0.16650391
-0.96093750
0.58593750
1.48339844
0.05273438
-0.23242188
0.44531250
0.72314453
0.13916016
3.47851562
-0.37695312
1.36669922
0.00000000
0.34326172
-1.65283203
1.28955078
0.72412109
-0.07324219
1.50097656
0.08105469
0.53076172
-1.16064453
-2.35937500
1.21435547
-0.54003906
1.45458984
-0.55419922
0.24707031
0.56982422
-0.42626953
-0.24072266
0.89257812
1.64892578
1.86669922
-0.24218750
1.04150391
-1.19580078
-1.23730469
-0.91845703
-0.66455078
0.08154297
0.09960938
-0.33007812
1.17236328
0.25244141
1.72656250
1.13183594
1.04003906
-0.90869141
-1.12402344
0.63085938
2.58105469
1.31738281
2.70263672
-0.51171875
-0.38818359
0.58642578
0.55517578
-0.92871094
1.40527344
1.43945312
1.31396484
1.50878906
1.51464844
0.38232422
1.48876953
-0.43847656
0.31298828
0.42382812
1.74560547
-1.29687500
-0.93798828
0.71386719
0.94873047
-0.91699219
0.82617188
0.07568359
0.45507812
-1.28027344
0.79248047
-0.17822266
-0.41210938
0.39404297
-1.04199219
-1.13525391
-1.99902344
0.25976562
-0.45019531
1.34765625
-1.54394531
0.67236328
0.11132812
1.63867188
1.95214844
-0.02734375
-0.16455078
-0.08105469
-0.60400391
-0.31689453
1.52343750
-0.03613281
-0.07031250
0.44433594
0.60449219
1.98437500
0.99365234
-1.28417969
1.30761719
-0.28613281
-0.79199219
-1.43017578
0.78173828
0.05371094
-0.97900391
0.62841797
0.08593750
-2.25830078
1.79785156
-0.52685547
0.38427734
0.62451172
-0.95703125
0.57226562
0.54394531
-0.10986328
0.84130859
-0.41552734
-0.07080078
-0.89160156
-1.24853516
0.26708984
-0.37304688
-1.29589844
-0.77587891
-1.32226562
-0.23681641
-0.14111328
1.05664062
1.29882812
0.54736328
-1.27441406
0.05322266
-0.14355469
0.92529297
-0.05224609
0.60791016
-0.10107422
1.92382812
0.65429688
2.42773438
-2.20947266
2.12792969
0.36083984
-0.81152344
-1.24365234
-1.42724609
0.15380859
-0.66210938
-0.16845703
1.90429688
1.00537109
0.44433594
-1.07958984
-0.35839844
-0.40283203
1.31835938
0.14062500
-0.17968750
-0.33642578
0.25683594
0.38525391
0.77880859
0.39453125
0.50732422
-0.30224609
-0.51562500
-0.01025391
0.63427734
0.50195312
2.81250000
-0.95214844
1.02001953
0.39746094
-0.44921875
-0.25634766
0.27294922
-0.41308594
-0.93896484
-0.11669922
0.29882812
-1.59619141
3.10595703
-0.28857422
-0.61279297
-3.13232422
-0.68310547
0.68945312
-1.29052734
0.08496094
-0.68505859
-1.36035156
1.30859375
-3.27050781
-0.45947266
1.96826172
0.94775391
-0.00927734
-0.15527344
-0.49267578
-0.10205078
-0.06494141
0.84814453
-0.61425781
-0.76855469
2.18652344
0.05908203
0.18847656
-0.18505859
-0.21875000
0.84960938
0.25488281
0.32861328
0.61474609
0.52246094
0.51513672
0.12792969
0.78906250
0.34130859
2.80468750
0.51660156
0.15722656
-1.82861328
0.24853516
-0.08740234
1.24853516
1.16796875
1.48828125
1.31689453
-0.22802734
-0.85595703
-0.33886719
0.95068359
0.45507812
0.48486328
-0.34765625
-2.64843750
0.54882812
-0.65527344
0.24755859
-0.59472656
-0.81884766
1.99902344
1.22656250
0.13232422
1.03173828
1.19335938
-0.01123047
-2.33740234
-0.36621094
0.50732422
0.22070312
1.22314453
-0.33642578
0.26123047
0.45068359
0.73535156
-1.45410156
0.31787109
1.60156250
0.52294922
-0.64013672
1.66845703
1.43212891
-1.09277344
-0.48095703
0.60791016
0.70996094
-0.26416016
-1.34521484
1.24902344
-0.04052734
-0.68896484
0.68798828
-0.14697266
-1.87158203
-0.30566406
-1.34619141
0.90820312
1.39013672
-0.98095703
-0.29785156
-0.48925781
0.88623047
1.48583984
0.40283203
0.48144531
-1.24414062
0.89746094
-0.49023438
-0.32470703
-0.75146484
-0.45068359
-0.95556641
1.01171875
1.92089844
0.52880859
0.13085938
1.60791016
1.02441406
-0.98291016
-0.31640625
0.66552734
-0.84912109
1.29882812
-1.90234375
-1.13085938
-0.75683594
-0.84130859
0.84765625
-0.75439453
0.10449219
-0.04052734
0.95947266
-0.73779297
0.30566406
1.17041016
0.78759766
-0.63867188
0.26416016
1.16162109
-0.95800781
2.83154297
0.95898438
0.12890625
-0.72607422
0.89599609
1.01123047
0.43554688
1.16503906
1.32666016
0.05712891
-0.60546875
-0.55761719
0.29687500
-0.01757812
-2.00537109
-0.10888672
-0.94531250
-1.14013672
-1.75341797
-1.78759766
2.49121094
0.01562500
0.67871094
1.10644531
0.94677734
1.20312500
-0.77148438
-0.27734375
-1.57763672
-0.69970703
0.11083984
-0.27294922
1.50390625
-0.86669922
-1.93701172
0.48046875
2.15722656
1.88769531
0.41503906
-0.63476562
0.25634766
-0.00830078
-0.21533203
-1.06396484
0.24609375
0.64697266
0.21093750
-0.11523438
1.64843750
0.43603516
-0.60302734
-0.46826172
-0.58642578
-0.04003906
-1.58154297
0.88232422
2.32617188
-0.88720703
0.57812500
-0.20800781
0.75830078
-1.22167969
0.74072266
-1.43408203
0.11572266
-0.24218750
-0.99414062
-1.49072266
0.68164062
-0.16357422
-0.22753906
-1.69091797
1.58007812
0.09277344
0.95507812
-2.02685547
1.38769531
-0.36523438
2.35107422
-0.26904297
-2.11376953
-0.80664062
0.06982422
-0.31787109
-0.46582031
0.89746094
1.54931641
0.49902344
1.29785156
0.29736328
0.52050781
0.94042969
-0.12792969
-0.33496094
-1.05957031
-0.51562500
0.42382812
0.92724609
-0.39990234
-0.60644531
0.05273438
-0.48339844
-1.07128906
-1.97949219
0.20410156
0.66406250
-0.68066406
-1.46875000
1.63476562
0.41943359
2.66845703
-2.72119141
1.54785156
-0.60595703
2.04492188
0.81250000
0.17333984
-0.27587891
1.52294922
0.00146484
0.38867188
1.16601562
2.17871094
-1.10791016
-1.63183594
0.76855469
0.55175781
-1.72949219
0.18603516
-1.29492188
1.22265625
0.45605469
-0.23779297
0.30078125
0.65673828
-0.04541016
-0.12500000
0.45214844
1.21337891
0.80615234
1.86035156
0.60302734
0.69628906
-0.63769531
2.31298828
0.18652344
0.73095703
-0.81445312
2.11669922
-0.10839844
1.58203125
-0.67041016
-1.61572266
0.50488281
1.41113281
-0.60302734
0.95312500
0.06884766
2.26757812
-0.60498047
2.08496094
0.29541016
-0.96875000
0.33544922
0.65771484
0.51757812
0.70019531
-0.13818359
1.73828125
0.72412109
1.49902344
0.77734375
0.81396484
0.84326172
-0.80517578
0.85205078
0.46435547
0.19042969
0.61621094
0.72314453
1.34375000
-0.14062500
2.19482422
0.27880859
2.06445312
-0.03759766
2.60693359
0.67236328
0.66455078
-0.37792969
3.26562500
-0.36621094
0.84521484
1.70361328
-0.32470703
1.26220703
0.54150391
0.17187500
0.54150391
-0.92578125
-0.02685547
-1.34423828
0.99804688
1.26220703
0.43945312
-1.83984375
0.45166016
-0.19970703
1.39990234
0.39208984
-1.35693359
-0.92285156
-1.23925781
-0.02783203
0.69824219
0.04101562
0.09912109
0.35937500
0.09179688
-0.78759766
-1.85058594
-0.19824219
-0.75927734
0.49072266
-0.46386719
-0.27148438
0.10107422
1.57373047
0.36962891
0.71044922
1.61230469
1.20312500
-0.79394531
-2.27978516
1.19824219
0.47216797
1.87304688
2.07812500
-0.47314453
0.29052734
4.04003906
-0.08935547
-0.17529297
-0.16064453
-2.36669922
-0.91113281
-0.46533203
-1.28173828
0.18212891
-0.05761719
0.41162109
0.30175781
0.87011719
1.06738281
0.50341797
0.51806641
-0.57714844
0.59277344
-0.45996094
-0.05957031
2.03222656
0.04980469
0.32080078
0.02148438
1.21240234
-0.77001953
-0.79150391
-0.68066406
1.64306641
1.65771484
0.94335938
0.11767578
0.20263672
-1.03076172
0.39501953
0.72460938
-0.64990234
-1.88671875
2.02197266
-0.16113281
1.52294922
-0.83789062
-1.10253906
0.42187500
-0.37011719
0.18847656
0.53125000
-0.64404297
0.79492188
-0.64697266
0.09033203
-0.15478516
0.30615234
-0.04638672
-0.45800781
0.17724609
-1.15136719
0.62548828
-0.08007812
-1.85546875
-0.21289062
-0.88183594
1.69335938
1.28808594
-0.11865234
-0.65820312
-0.25585938
0.68115234
0.45898438
-1.35205078
-1.24072266
0.15625000
-0.07128906
-0.75341797
-0.27636719
-0.23486328
-0.39306641
0.45117188
0.36230469
-0.67089844
2.04101562
-0.46777344
1.37548828
0.45898438
-0.39892578
0.82275391
1.33300781
0.61669922
0.05029297
0.38476562
1.33837891
1.06396484
-1.28564453
-0.04833984
1.60937500
-1.03173828
0.37890625
-0.39941406
0.08544922
-0.18261719
0.54492188
-0.85253906
1.46826172
-0.49316406
-0.45800781
0.72949219
-0.82910156
-0.13134766
1.29443359
0.73437500
1.32861328
-0.56152344
0.00097656
-0.60400391
-1.09423828
0.50732422
-1.92187500
-0.36181641
0.68066406
1.46728516
0.78710938
0.85107422
1.54345703
-0.17236328
1.63916016
-0.16796875
0.32031250
0.79541016
1.24755859
1.41894531
-0.53662109
-1.97265625
-0.63525391
-0.93798828
-1.26416016
-0.74951172
-1.92187500
0.75097656
-1.42236328
-1.49951172
0.49365234
-0.73242188
-0.08691406
-1.85009766
0.91162109
1.69726562
-1.41992188
-0.35205078
1.53027344
1.48193359
-0.29833984
-0.66650391
1.40283203
0.10498047
0.32226562
-0.52734375
0.65087891
-0.18701172
-1.02197266
-0.68017578
0.99023438
-0.50927734
-0.26904297
0.73779297
-1.91113281
-0.72167969
1.49804688
-0.69970703
-0.03271484
-0.77734375
0.06591797
-0.99609375
-1.28662109
0.14306641
0.05566406
0.36328125
0.68847656
0.38134766
-0.01708984
1.42968750
1.85693359
2.96337891
-0.39062500
-0.47656250
-0.34814453
0.10107422
0.81542969
1.13623047
0.72363281
0.97265625
0.07617188
1.05078125
2.06250000
0.38378906
-0.05615234
-0.53955078
-2.12011719
-0.50830078
1.78076172
-0.90478516
0.36865234
-0.49462891
-1.00488281
-1.93994141
-0.74267578
-0.43408203
-0.20019531
0.87548828
1.66894531
2.33837891
2.61572266
-2.27490234
1.76806641
-0.81689453
1.48193359
-0.41894531
0.62548828
0.32031250
1.36962891
-0.24365234
2.39208984
-0.22216797
-0.28515625
-0.13330078
0.15527344
0.13232422
0.95068359
0.35986328
0.45849609
0.29492188
1.25976562
-0.51562500
-0.69580078
-0.94775391
0.68017578
1.66748047
-1.10058594
0.82958984
1.29150391
-0.38574219
2.54541016
-0.47412109
1.15380859
0.73730469
0.39404297
2.62207031
-1.82421875
0.26074219
-0.66162109
0.64013672
1.53125000
-0.29980469
2.32763672
-0.68261719
-0.49951172
0.45800781
0.34570312
0.59912109
1.85498047
-0.72607422
-0.24658203
0.88769531
0.18750000
0.81982422
4.40917969
-0.69775391
-0.02636719
2.03613281
-0.31933594
1.40332031
0.91894531
-1.76806641
0.05810547
0.85546875
1.45312500
0.61132812
-0.81689453
1.24609375
0.63134766
-1.34765625
0.09326172
0.56103516
0.75585938
0.46289062
-2.27490234
2.04882812
-0.14697266
0.79052734
-0.72900391
2.14160156
0.35449219
-0.32714844
-0.35302734
1.23095703
-0.15039062
-0.58789062
0.98242188
0.52832031
-0.49121094
0.00195312
0.28857422
0.63769531
-1.09570312
0.16015625
0.57666016
0.91992188
0.80517578
-0.10937500
0.48535156
0.19775391
-1.35888672
0.66113281
3.09814453
-1.12792969
-0.70605469
0.06640625
-0.02294922
-0.84179688
0.41455078
1.64794922
1.69726562
1.03759766
1.01367188
-2.36572266
1.39648438
0.68896484
-1.68750000
-1.20703125
0.24267578
0.49902344
1.00146484
0.71777344
-1.78857422
-0.80859375
-0.24560547
-0.21630859
-0.03857422
-1.85498047
-1.63574219
0.46972656
-0.06689453
0.27832031
0.33398438
0.42578125
0.05957031
1.58105469
0.46044922
-0.86914062
2.22314453
-0.29687500
0.44335938
-0.52685547
-0.98486328
0.66113281
0.07470703
-0.55419922
0.68652344
-0.99169922
-0.99902344
0.21582031
-0.46142578
-0.56201172
-0.44287109
-0.09033203
-0.48339844
0.02539062
-0.68457031
0.92773438
1.12988281
-0.34472656
0.82519531
0.86621094
2.28173828
0.35986328
0.78271484
-2.15185547
1.95019531
-1.62988281
-0.93212891
0.71240234
-1.76416016
-2.55957031
-0.37939453
0.14501953
-0.28515625
-0.19677734
1.02001953
0.83789062
0.61230469
0.39648438
-0.03808594
0.53515625
-0.67626953
0.29541016
0.90234375
0.99121094
-1.19921875
0.39306641
1.89843750
-0.58544922
-1.59277344
-2.52685547
-0.48925781
1.16308594
0.31054688
1.29882812
-0.87744141
-1.15332031
-0.66650391
1.70117188
0.11474609
0.06738281
1.70898438
-0.13427734
0.57861328
-0.35400391
0.95263672
-1.20361328
-1.66259766
1.33642578
0.49804688
0.71044922
-1.06542969
-0.34326172
-0.91503906
0.77978516
-0.52587891
-0.41162109
-1.10791016
-0.14892578
-1.27246094
-0.56201172
1.50341797
1.53417969
0.87646484
1.64160156
1.80566406
-0.01562500
-0.39306641
1.27539062
-1.28613281
1.87988281
-0.75439453
-0.01074219
0.98681641
3.60302734
-0.78027344
-0.40869141
0.53808594
0.46972656
0.17236328
1.01367188
-0.88671875
0.96289062
-0.12841797
-0.13378906
0.46191406
1.55224609
1.29150391
-1.17871094
1.46093750
0.83837891
0.27001953
0.25781250
-0.55615234
-0.06005859
-0.12695312
-1.91552734
3.29931641
-0.13378906
0.73388672
-1.23242188
-0.12597656
1.01367188
-0.86425781
-0.51220703
0.15527344
0.68750000
0.81591797
-0.51318359
-0.05712891
1.11865234
-0.19091797
0.49609375
0.49609375
1.93994141
-0.06152344
1.29785156
-0.13623047
-0.43115234
1.60351562
2.72070312
-1.13037109
0.82958984
1.33691406
0.74658203
0.96777344
0.47607422
-0.30761719
-0.27880859
0.38916016
-0.39257812
-0.65966797
-0.98144531
-1.72021484
2.55664062
-0.61523438
-3.07617188
-0.11035156
1.49902344
-1.11914062
-0.46923828
1.32861328
-0.57275391
1.41992188
0.16308594
0.56347656
0.38378906
0.03710938
-1.36865234
-1.01513672
-0.97363281
0.08398438
-0.50244141
1.34570312
-0.92333984
-0.37304688
-0.50683594
0.86181641
-0.72998047
-0.50146484
-2.17333984
0.34912109
-1.34814453
-0.65478516
-1.51904297
-0.57519531
1.27490234
0.21875000
1.52929688
0.46142578
1.24462891
-0.49023438
0.18505859
-1.17724609
0.28271484
-0.77587891
-0.02978516
0.44042969
-0.53173828
0.25244141
-0.24365234
2.42382812
-1.03417969
-2.05468750
1.46337891
-0.12158203
0.57910156
-1.41943359
-1.81445312
1.09570312
-1.12890625
1.80615234
-0.23339844
0.37939453
0.84863281
2.32812500
1.39355469
-1.23437500
0.41845703
0.63818359
0.91748047
1.06103516
0.31689453
-0.13281250
0.65820312
1.19384766
1.09130859
1.27636719
1.53759766
0.55029297
0.88330078
0.55859375
-0.08837891
0.48095703
1.71386719
0.65576172
0.44433594
0.93701172
-1.11914062
-1.17480469
0.49951172
0.34033203
-0.44042969
-0.44824219
0.27343750
0.01660156
-0.75244141
0.44677734
2.38476562
-1.47753906
0.67773438
1.81445312
-0.70214844
-0.72167969
0.54296875
-0.61767578
0.09570312
0.21337891
-1.33837891
-2.16210938
-2.45263672
0.55908203
0.56689453
0.13085938
0.13378906
0.28808594
0.08251953
-1.17089844
-0.29931641
1.60156250
-0.34082031
-1.45849609
-0.73681641
0.65234375
-0.67187500
-0.21777344
0.73046875
-0.24755859
1.27978516
-1.16357422
-0.34033203
0.16748047
1.15966797
0.38720703
0.70703125
0.52246094
-0.14062500
-1.94287109
-1.53564453
1.80712891
-0.02734375
0.41113281
3.47119141
-0.53857422
1.25097656
2.81152344
-1.66503906
1.24560547
1.77050781
-0.09521484
-2.15771484
-0.51220703
0.93066406
1.01025391
0.04687500
2.88134766
1.58203125
1.37744141
1.48925781
-0.12011719
0.57519531
2.28369141
1.55175781
0.57568359
1.42187500
0.10107422
-0.11035156
2.01660156
-1.33398438
-1.75683594
-0.60644531
-0.18164062
0.55322266
-1.03515625
0.79736328
2.28759766
0.00439453
1.36523438
1.43554688
2.83056641
-0.73535156
0.63476562
-0.62792969
-0.09033203
-1.00146484
1.03613281
-0.63867188
-0.41210938
1.31542969
0.29980469
0.28417969
-1.22216797
0.02636719
1.22802734
-0.12255859
0.71728516
0.56054688
2.06591797
-0.20996094
1.93115234
-1.96533203
0.38671875
-0.62060547
-0.66796875
0.37939453
-0.22607422
-0.51416016
-0.57031250
0.49804688
2.35009766
-0.78466797
1.49316406
-1.69677734
2.34912109
-1.48925781
1.51171875
-0.22119141
-0.55908203
0.22558594
-0.22265625
0.85644531
1.13378906
-0.48193359
1.51513672
-0.26757812
0.74560547
1.40722656
1.90380859
1.35205078
1.44042969
0.19726562
-0.12548828
2.02539062
-1.40527344
0.78076172
-0.23144531
0.12890625
0.91894531
-1.47949219
0.91455078
1.88671875
-0.69628906
0.70214844
-0.42675781
1.07128906
0.52050781
0.19140625
-1.49218750
-0.96533203
1.46533203
-1.88330078
-0.43554688
1.50732422
-0.41845703
0.14062500
-1.72119141
-2.10986328
-0.64599609
-0.51660156
-0.52734375
0.25390625
0.86181641
-0.16748047
-0.20996094
-0.58105469
-2.76513672
-2.50000000
-0.46923828
-0.81933594
0.33154297
0.50732422
-0.45849609
2.40478516
0.48339844
-0.08300781
-1.09521484
-0.31103516
-0.28662109
-0.07666016
0.93847656
-0.87060547
2.54736328
0.58740234
2.92041016
0.28613281
-0.71972656
0.48632812
0.20898438
1.39306641
2.51611328
0.03076172
0.67578125
-2.54736328
-0.54052734
-0.69873047
1.16943359
0.86816406
0.76513672
-0.16210938
0.54736328
0.15185547
0.43505859
0.60009766
1.01855469
0.09033203
-2.22021484
-1.08447266
2.40869141
0.76416016
0.58105469
0.29736328
-0.57324219
2.47363281
-1.38964844
-0.72949219
0.29345703
-0.26025391
2.00048828
0.18359375
-0.60009766
-0.37988281
-0.44335938
1.83691406
-0.39794922
-0.34033203
-0.14453125
1.15625000
-0.74707031
-0.73242188
-1.17871094
-0.42382812
-0.13134766
-0.22021484
0.21875000
0.22998047
-0.61816406
1.15234375
0.82080078
0.48388672
-2.51269531
1.62011719
1.97021484
0.01416016
-1.26123047
1.11181641
0.25048828
-0.56494141
-1.68798828
2.47851562
-0.90283203
0.08789062
1.06396484
1.08984375
2.43750000
1.97998047
0.92333984
-0.73535156
-1.33691406
-0.59667969
1.03662109
-0.06640625
0.37792969
-0.20996094
0.58984375
-0.74560547
-0.54492188
0.31884766
1.19677734
0.42578125
-1.26318359
-0.08544922
-0.07763672
0.41259766
1.78613281
0.66601562
2.02001953
0.42089844
-0.89550781
-0.91259766
-0.89208984
1.35449219
1.66503906
-1.07958984
-0.87353516
0.02343750
-0.28125000
-0.83447266
-1.01953125
-0.88574219
2.24414062
-0.16259766
-0.00537109
0.69189453
2.50000000
0.08447266
-1.49755859
-0.68310547
0.47998047
0.59326172
-0.18066406
0.18408203
0.08105469
0.29785156
1.68408203
0.82373047
0.64892578
-1.68701172
-0.86328125
-0.34716797
0.03808594
-0.39648438
0.52197266
0.13281250
-0.10449219
0.26953125
0.35742188
2.22509766
-0.99755859
0.97412109
-0.53271484
-1.12402344
-0.33251953
0.99316406
2.24951172
-0.00732422
0.98144531
-0.09033203
0.23437500
-0.64257812
0.93115234
1.15917969
1.10742188
-0.10693359
-0.36328125
0.43310547
0.44726562
-0.31689453
2.80224609
-3.17919922
1.31250000
0.51904297
-1.07080078
-2.60791016
0.76416016
-0.01074219
-2.37548828
0.44140625
-0.48730469
1.59033203
0.77587891
0.00585938
-0.90087891
-1.12304688
0.88037109
-0.82861328
-0.09082031
0.60009766
-0.76464844
-1.14453125
2.62841797
-0.06933594
0.46484375
-0.81201172
-0.83789062
-0.46240234
-0.07519531
1.05810547
1.70605469
0.78515625
0.16113281
0.93066406
2.50976562
-0.03857422
-1.36523438
-0.70800781
-0.71191406
0.41064453
-1.52392578
-0.71679688
2.09570312
-0.76757812
0.27001953
-0.56591797
0.03906250
0.09960938
0.15234375
0.62744141
2.00732422
0.18359375
0.52685547
-0.45605469
1.45996094
-0.52929688
0.88769531
-1.42138672
1.85058594
0.08642578
0.22656250
-1.16064453
-0.31005859
0.16210938
1.78320312
3.18408203
-0.92968750
0.29199219
-0.14257812
-0.10449219
0.83837891
-1.92529297
0.25097656
-0.27636719
0.73388672
1.27197266
-0.60693359
-1.79248047
1.08398438
-1.57275391
0.95703125
0.39843750
0.97460938
0.06494141
0.50585938
-0.01953125
0.38818359
-0.21093750
-1.47558594
-1.71191406
2.58056641
-0.33203125
-0.42187500
1.83740234
1.57568359
-0.16650391
-0.48242188
-1.44482422
0.13085938
0.12744141
-0.46386719
1.39160156
0.37646484
1.38964844
-0.47412109
-0.21191406
-0.04296875
1.63525391
-0.12451172
-0.28076172
0.69287109
-0.79736328
1.75732422
-1.78027344
2.09912109
-0.95947266
0.27490234
0.87158203
0.48876953
-0.99951172
1.39306641
1.28808594
1.30078125
1.10351562
1.51220703
-1.86914062
-0.19970703
0.23535156
-0.00048828
-1.23046875
1.63183594
0.40869141
0.43847656
-1.03320312
2.24853516
0.16943359
0.37060547
-0.43750000
0.46044922
-0.81054688
0.44677734
-0.30371094
0.47314453
-1.27636719
-0.36865234
0.42675781
0.83496094
-1.72167969
-0.19921875
-1.44775391
0.11572266
1.51025391
2.76123047
-1.07031250
0.95312500
0.91162109
0.18554688
0.05517578
2.02783203
-0.38232422
-0.48876953
0.25048828
-0.71435547
-0.70312500
1.30078125
0.32324219
0.06982422
0.90039062
0.13623047
1.07177734
-1.27197266
-1.36035156
-0.83544922
0.37548828
0.30664062
1.26269531
0.81738281
0.05859375
1.07910156
1.43945312
-0.13867188
-0.84228516
-0.88623047
2.46289062
-0.05371094
0.46142578
1.74951172
0.75976562
-1.51562500
-0.18945312
-1.83447266
0.78271484
0.79443359
0.33984375
-0.03271484
-0.49560547
0.33300781
-1.56542969
-0.10009766
-0.31103516
-0.35058594
-0.28320312
-1.45898438
0.00488281
-0.77343750
-0.70458984
0.86621094
-1.21289062
0.44335938
0.53955078
-1.00781250
0.93212891
0.59423828
-0.35058594
-2.53173828
-0.05957031
-0.68505859
-0.93945312
2.93798828
-0.10400391
-0.44091797
-0.85449219
0.15673828
-0.77392578
-0.64453125
-0.75390625
0.62451172
0.20996094
-1.19726562
-0.70703125
0.89257812
-0.45312500
1.76660156
0.17187500
0.47070312
-1.21142578
-0.46337891
0.00097656
-0.07470703
0.69287109
0.06152344
0.17333984
1.49511719
-0.56005859
-1.57470703
-0.04345703
1.10546875
1.43164062
0.06640625
1.34277344
0.76318359
1.04101562
1.71630859
-0.90283203
-0.47949219
1.43603516
-1.96728516
0.29589844
-1.11865234
-0.92431641
-0.21630859
-0.41455078
0.26269531
1.27246094
1.03857422
0.78222656
1.40771484
-0.97753906
0.65039062
-0.29003906
2.28564453
-0.95117188
1.99804688
0.68408203
1.12792969
-1.42626953
2.06054688
-0.85791016
0.77587891
0.07812500
0.89208984
1.37207031
2.62695312
-0.02783203
-0.13818359
-0.58203125
1.69189453
0.85595703
-0.14746094
-2.01074219
-0.81982422
1.00195312
-0.34326172
-0.79101562
1.66894531
-1.15185547
-1.72753906
-0.26611328
2.13281250
1.62255859
-0.42626953
-1.32714844
0.12597656
0.23046875
-1.36181641
1.04541016
-1.11962891
1.21533203
0.20654297
1.15185547
-3.48535156
2.22802734
-0.90185547
2.10400391
-1.23681641
-1.28759766
-0.53222656
-0.35449219
0.51562500
-0.00781250
1.20117188
-1.24609375
1.21044922
-0.40917969
1.84521484
-0.83398438
0.69873047
-0.83984375
1.94287109
-0.35400391
0.04394531
0.67578125
-0.11425781
-0.48388672
2.91796875
0.09619141
-0.57568359
0.66064453
-0.46142578
1.08251953
0.52685547
2.00830078
-1.45703125
0.47656250
-1.83935547
-0.08544922
1.53222656
1.28564453
-0.13916016
0.41650391
0.04980469
-1.36816406
-0.77734375
0.45898438
-0.34570312
0.61035156
1.17480469
-0.17285156
0.17822266
0.06787109
0.24169922
0.05810547
0.08593750
-0.44238281
1.32226562
-2.35742188
-0.68164062
0.63330078
0.69921875
1.07421875
0.84863281
2.54589844
-1.36962891
-2.07324219
0.35498047
-0.54541016
1.40625000
-0.87402344
-0.72119141
-0.19335938
-1.12207031
0.49218750
-0.40869141
-0.12890625
2.04003906
-2.24169922
0.36865234
-0.07275391
1.35205078
-0.88330078
-0.80664062
0.61962891
-0.06591797
-0.52539062
0.96826172
-1.39160156
-0.29736328
-0.67480469
-0.03027344
1.18603516
-0.18896484
0.24462891
0.70068359
1.80859375
1.99853516
-0.11230469
-0.62890625
-0.20556641
0.14257812
-1.54833984
-0.45996094
0.19140625
-0.32470703
-1.85400391
-1.06347656
-0.95947266
1.01025391
-3.41992188
2.47119141
-1.86669922
0.00292969
0.13867188
0.48876953
-0.45410156
0.56982422
-2.73974609
0.83105469
-1.10009766
0.23144531
-0.82177734
0.36035156
1.22119141
0.22558594
1.72021484
-0.03710938
1.32275391
0.94726562
1.50341797
-0.84423828
1.08203125
0.02783203
-1.25097656
1.27343750
-0.51318359
0.49365234
-1.23046875
-0.59472656
1.42480469
0.95263672
1.17578125
0.50976562
2.67431641
-0.41259766
0.43896484
1.57177734
-1.87792969
0.92041016
0.36523438
2.83251953
-0.25097656
-0.61914062
-2.40917969
0.27099609
-0.23632812
-0.48730469
0.23193359
0.44140625
-1.78515625
0.21191406
-0.55126953
1.04394531
0.57666016
-0.48242188
-0.39062500
0.10693359
-0.27636719
-0.75976562
-1.40283203
-0.43603516
2.60546875
0.70605469
-1.60791016
0.68896484
0.45312500
-1.11816406
1.23291016
1.89599609
-0.51904297
-0.57128906
-1.13818359
1.32666016
0.66357422
0.27636719
-0.24560547
1.53564453
-0.32910156
-1.41650391
-0.70996094
0.86425781
-0.66601562
-0.01904297
0.00000000
2.72070312
1.06152344
0.67431641
0.06250000
-0.34960938
0.50732422
0.41015625
-0.75830078
1.74902344
-0.43945312
-0.48730469
-1.12548828
-0.09619141
0.68798828
-0.32568359
0.87109375
0.85986328
0.24023438
3.16455078
0.91943359
2.84033203
0.12890625
-2.18750000
-0.79541016
1.15332031
1.23779297
1.24023438
0.62011719
0.67187500
-0.39941406
1.27734375
-0.51464844
0.71679688
-0.08740234
-1.32470703
0.71582031
-0.92236328
0.95019531
0.17480469
-2.51025391
0.15478516
1.70410156
-0.09667969
1.03271484
0.68457031
0.81542969
-0.43457031
-0.69335938
-0.71923828
0.68505859
-0.14599609
-0.28222656
0.38476562
0.41992188
-0.33642578
0.59765625
0.37695312
-0.09521484
-0.73925781
0.72753906
0.99951172
0.13867188
0.23144531
-0.09814453
0.23730469
2.16552734
-1.40576172
1.76806641
0.90429688
2.80810547
0.54638672
-0.52978516
-0.42236328
1.31494141
-2.99804688
-1.93164062
-0.31542969
0.03027344
2.02929688
-0.17919922
1.37890625
0.00000000
1.15820312
0.08691406
0.61621094
0.01269531
-0.12451172
0.23046875
1.67968750
-1.50292969
2.09179688
-0.92724609
0.15869141
-0.21484375
0.63720703
-0.04345703
-0.21679688
0.86669922
3.76464844
0.29443359
1.55273438
-0.05712891
-0.23144531
-0.59619141
0.13085938
-1.93164062
-0.54345703
0.61425781
2.27392578
-0.94482422
-0.54394531
-1.34033203
-0.83398438
-0.76757812
-1.39550781
2.06054688
0.68603516
0.18505859
0.29882812
1.01953125
-0.46240234
1.14794922
-0.01464844
-0.91650391
0.50439453
0.30175781
0.54785156
-0.32373047
1.85058594
-0.45507812
-1.16406250
0.60546875
1.14257812
0.64843750
-1.19482422
-0.85546875
0.20703125
-0.38525391
0.47900391
-0.82666016
0.44335938
0.62890625
0.80908203
-2.10693359
0.01367188
0.00000000
-0.56982422
0.35253906
-0.77832031
0.29980469
-0.03906250
-0.92822266
1.52246094
0.26416016
-0.73681641
-0.84033203
0.96875000
-0.74316406
1.89257812
-2.94238281
0.92773438
-0.03076172
-0.30957031
-0.31884766
-0.86865234
-0.53417969
0.19482422
0.68750000
2.22119141
-0.15820312
-0.72363281
-1.05126953
0.37890625
-0.81201172
1.44287109
-1.27685547
2.73730469
-1.05957031
-0.31054688
0.03466797
-0.33056641
-0.56884766
0.18115234
-0.04492188
2.57714844
-0.30468750
0.60009766
-0.02148438
2.93115234
-1.24804688
0.88623047
0.12207031
0.24316406
-0.78857422
1.69482422
0.79052734
-2.93652344
-0.32177734
-1.06591797
1.14843750
-2.55273438
-0.96972656
0.09130859
-1.00341797
0.45898438
0.88427734
-0.09619141
1.42675781
-0.37255859
-0.11523438
-0.22607422
-1.08789062
1.30078125
0.52197266
3.00781250
2.26025391
-2.33447266
-0.89697266
-1.20214844
-0.32812500
0.25927734
-0.42919922
0.06933594
1.66064453
0.27880859
1.45849609
0.85498047
-1.14111328
-0.05322266
0.42919922
0.53320312
-0.85498047
0.70605469
0.94531250
-0.16210938
0.45654297
0.69482422
-1.19921875
0.39648438
0.31396484
1.15332031
0.22265625
1.01367188
-0.03076172
-1.21386719
-1.14550781
0.36621094
1.02050781
-0.48730469
1.73876953
-0.94335938
-0.86328125
-0.07812500
0.00097656
0.00976562
0.13671875
1.21533203
-1.12597656
1.91064453
-0.54638672
1.37988281
1.42724609
0.34375000
-0.28222656
-0.27001953
0.19677734
-1.34960938
0.47363281
1.26660156
0.42187500
0.96923828
-0.60693359
1.01464844
-0.88867188
0.00000000
-0.23388672
1.55078125
-1.44726562
1.46142578
1.18701172
-0.81005859
-0.26220703
1.25341797
-0.14550781
-1.12841797
1.02832031
0.71484375
0.07275391
1.23486328
0.62060547
0.47314453
-1.93554688
2.85107422
0.98291016
-0.86865234
0.60253906
-1.67822266
0.62011719
1.22558594
-0.54541016
0.23828125
-0.80664062
0.36523438
0.20410156
1.69287109
-0.65820312
-0.66455078
1.05322266
1.33349609
0.18164062
0.87500000
0.27685547
-0.24365234
-0.57617188
2.37695312
-0.06738281
2.41406250
-0.07861328
1.60791016
-0.11181641
0.20068359
-0.98437500
-1.98535156
-0.13623047
0.52246094
0.57617188
1.01953125
0.77685547
0.57128906
0.30712891
-0.47558594
0.84570312
-0.80371094
0.26513672
0.39208984
-0.92968750
-0.58593750
-1.60107422
-2.13671875
-1.19628906
2.09472656
1.12255859
2.67773438
0.67285156
0.69628906
-2.17626953
2.45996094
0.18554688
2.78417969
-0.63671875
0.50439453
-0.89306641
1.44873047
0.54687500
0.53808594
1.58349609
-0.99072266
0.24218750
-0.50048828
0.62939453
-0.82031250
1.03417969
0.24218750
-0.68066406
-0.53466797
-0.14941406
-1.78027344
-0.08740234
-0.35156250
-0.78125000
-0.73486328
0.31933594
-0.31103516
0.00000000
0.05712891
-0.61425781
1.33251953
-0.32421875
-0.20751953
1.18603516
0.05566406
-0.42724609
0.31201172
0.53076172
-0.51904297
-1.57226562
-1.03808594
0.91699219
-1.09667969
-0.96533203
-1.11669922
-0.67626953
1.57958984
-0.94677734
0.16992188
-1.71582031
0.50585938
-1.17626953
0.14550781
0.03173828
0.92724609
-1.72949219
0.38476562
1.09033203
0.68945312
0.53564453
-0.84228516
1.31445312
0.67138672
1.10449219
0.44335938
-0.01660156
1.85937500
-0.75976562
-1.66259766
-1.70556641
0.06250000
1.80224609
0.06542969
0.99072266
1.94921875
0.33349609
0.06738281
0.98535156
1.49560547
-0.67822266
-1.27832031
-0.51513672
-0.79443359
-0.03271484
2.40185547
0.34814453
0.77539062
-0.02929688
-1.04492188
1.51123047
-0.67480469
-0.80761719
-0.45996094
2.83398438
0.02001953
0.15380859
1.25488281
-0.82666016
0.96728516
-0.08349609
-1.76660156
2.54394531
1.36767578
-0.30468750
1.31054688
1.46533203
2.18212891
-1.17089844
0.83740234
0.55566406
0.69873047
1.28271484
0.75341797
0.91748047
0.94628906
0.33691406
1.11279297
-0.17724609
0.40771484
0.13183594
-1.04492188
0.42626953
-0.70068359
-0.08349609
2.08349609
0.97070312
1.05126953
0.02685547
-0.15625000
-0.06933594
-0.42871094
-0.91650391
1.29980469
0.27148438
-0.72998047
0.56494141
-0.76025391
0.51806641
0.67773438
-0.05371094
-0.26074219
-0.11865234
-0.37939453
0.94677734
2.11376953
0.29199219
-0.07861328
-0.04931641
-1.13623047
-1.24560547
1.05761719
-0.40673828
0.39501953
-0.02294922
0.72363281
0.65771484
-1.86035156
0.89355469
1.29052734
0.95410156
-1.19970703
-0.94384766
-0.31054688
1.53271484
-0.17773438
-1.08251953
0.96582031
0.96728516
1.35351562
0.52636719
-0.66455078
-0.22509766
0.79394531
-1.30664062
-0.87988281
-1.89843750
0.24804688
-0.29589844
-1.25048828
-0.54931641
0.12109375
-0.03320312
0.03125000
-0.75097656
1.30224609
-0.36669922
-0.40283203
0.45263672
-0.26220703
0.21484375
0.35937500
-0.33447266
0.03564453
0.95068359
-0.16992188
0.90966797
0.62353516
-0.84375000
1.01367188
0.00000000
0.72265625
-1.98291016
0.59521484
1.20263672
0.89697266
1.04638672
-1.58740234
-0.28613281
-1.33593750
0.96044922
2.32910156
0.63330078
0.77832031
-0.81445312
0.90136719
0.43310547
-1.21484375
-0.01318359
1.40771484
1.46484375
-1.46972656
-0.65527344
0.54199219
-0.18750000
1.06738281
-0.45654297
0.25781250
0.18505859
0.22412109
-0.82080078
1.45410156
-0.60449219
0.29882812
-0.40185547
0.05810547
0.32128906
-0.11083984
-2.04052734
-0.33300781
1.06787109
1.42187500
-0.83740234
0.26318359
0.71044922
1.13232422
1.55322266
0.29492188
0.89697266
3.21533203
-0.23388672
0.88720703
1.16503906
0.64501953
-0.38085938
1.11865234
-0.12988281
-1.40966797
1.02832031
1.13085938
0.81982422
-0.00976562
0.11181641
1.49658203
1.38916016
-1.22363281
0.51367188
0.11523438
0.04980469
0.29931641
0.02099609
0.56494141
1.70361328
-1.21630859
0.73730469
-1.22509766
-0.19531250
0.24414062
-1.40917969
1.52001953
2.00732422
-0.00781250
0.11914062
2.46728516
1.43017578
-0.83691406
0.54248047
0.72167969
1.03662109
0.00000000
-0.68994141
0.57177734
-1.22802734
0.33398438
-0.86572266
1.71484375
1.25683594
-0.57080078
-0.59033203
-0.51611328
-1.85595703
-0.13378906
-1.54589844
0.27783203
-0.76464844
1.25927734
0.31738281
1.00537109
0.14257812
-2.22998047
0.00000000
-0.00878906
-0.66113281
-1.11132812
0.68408203
0.62304688
0.48632812
0.20312500
-0.09472656
-1.04541016
-2.28173828
-0.86376953
-1.86816406
0.88964844
0.29150391
-0.32128906
-0.18994141
-0.59277344
2.77197266
0.09130859
-1.59863281
2.10009766
-0.45507812
-1.28759766
-1.47607422
0.06933594
1.41113281
0.27929688
0.25000000
-0.23583984
1.01220703
0.98876953
0.52880859
1.89941406
3.14257812
-1.80468750
-0.37597656
1.31250000
2.10986328
1.38769531
0.25781250
1.05371094
-0.26660156
0.13964844
-0.34179688
1.17871094
0.70751953
-0.15039062
-1.06640625
-0.06787109
0.64355469
-0.88867188
0.08398438
0.13232422
-2.30957031
0.12646484
-1.30761719
-0.91308594
1.21093750
0.71386719
0.58447266
1.58740234
-1.16503906
0.86230469
-1.16503906
-0.25634766
0.76806641
-0.05712891
0.08544922
-0.26220703
1.36767578
-0.34570312
-1.18212891
1.56933594
1.18261719
0.46093750
1.79296875
-0.78027344
-0.40869141
-1.09667969
0.54980469
-0.34960938
1.92236328
-0.97314453
-1.61474609
0.29638672
-1.61279297
-1.08984375
-0.53271484
-0.37451172
-0.87646484
1.92333984
1.06835938
1.82226562
1.27197266
1.33154297
-0.56298828
1.48876953
-2.64550781
-0.46142578
0.87646484
0.94580078
0.88574219
-0.90380859
1.67724609
1.85742188
-1.76660156
-0.93994141
2.40625000
0.30957031
1.35253906
0.47021484
-0.84033203
1.25634766
0.79833984
0.41992188
0.01611328
-1.06738281
-0.94482422
-0.61865234
1.78125000
-0.51904297
-0.97314453
0.11181641
-0.76660156
-1.69580078
0.16992188
0.43798828
-0.77490234
-0.14941406
-2.93945312
0.31298828
-0.27929688
-0.79882812
-0.49169922
-1.28369141
1.53125000
-0.30029297
1.04736328
0.39746094
-1.07128906
0.83691406
0.51904297
0.70507812
0.19140625
0.67382812
-0.61767578
-0.04443359
-0.46630859
0.00000000
-0.44482422
0.00000000
-0.22314453
1.08300781
1.79394531
-0.61767578
-2.44628906
-1.65380859
0.69970703
0.69140625
-0.02636719
-0.37011719
1.84863281
1.24414062
0.48632812
1.30957031
0.76611328
-0.46826172
0.09619141
0.35205078
0.84082031
0.63525391
0.66113281
1.70507812
-0.25341797
0.50195312
0.39111328
-0.61572266
-1.19775391
1.10986328
0.43164062
1.99707031
-1.14941406
0.58789062
0.75830078
0.25097656
2.16064453
0.00000000
-1.91455078
1.28369141
-2.00244141
-1.94384766
-0.38037109
0.19873047
0.32373047
0.06152344
-0.82861328
0.76074219
-0.40722656
-0.47119141
1.26367188
0.91796875
0.15478516
0.35693359
0.79101562
2.58740234
0.39013672
0.13427734
-3.15820312
0.31298828
-2.25537109
0.65087891
-1.00537109
-1.77392578
1.62695312
0.09228516
1.05615234
0.23583984
-0.20458984
-0.61572266
0.32080078
0.19335938
2.47998047
0.36474609
-0.87548828
1.41748047
-2.13037109
0.02978516
-0.77734375
0.00000000
-0.06347656
0.68505859
-1.86621094
0.16845703
0.56152344
-1.05810547
0.37109375
-2.17187500
1.30126953
0.75488281
1.18261719
1.20068359
0.00000000
0.00000000
1.75488281
-0.09814453
0.00000000
0.35400391
1.42041016
2.11132812
1.23925781
-0.37695312
0.88525391
2.11962891
0.35595703
0.10351562
0.26025391
0.26757812
-1.19970703
-0.38525391
-1.76367188
1.96044922
0.65478516
0.55712891
