0.09667969
0.17382812
0.09667969
0.14843750
0.08056641
0.09570312
0.14404297
0.05419922
0.18994141
0.02783203
0.10156250
0.15429688
0.02343750
0.12988281
0.00878906
0.06201172
0.01318359
0.04541016
0.05761719
-0.03125000
0.16601562
0.04296875
0.11718750
0.04150391
0.06689453
0.27294922
0.01464844
0.06835938
-0.05126953
-0.00683594
0.03662109
-0.07910156
0.21093750
0.10107422
0.08203125
0.13525391
-0.06103516
0.07177734
0.00000000
0.11718750
0.24511719
0.11132812
0.12451172
0.11962891
0.03906250
-0.01123047
0.04394531
0.01220703
-0.03466797
0.23730469
0.07861328
0.02148438
-0.01611328
-0.02685547
0.05664062
0.14892578
0.07958984
-0.04345703
-0.02636719
0.11279297
0.13671875
0.08740234
0.07666016
0.04150391
-0.03906250
0.20361328
0.03076172
-0.00390625
0.17041016
-0.05908203
0.12207031
0.03417969
0.02343750
0.03125000
0.06250000
0.24511719
-0.11279297
0.02783203
0.18603516
0.01953125
0.07568359
0.02441406
-0.01269531
-0.02148438
0.13085938
0.02978516
-0.38134766
0.03320312
0.18310547
0.11425781
-0.02734375
0.06396484
0.07812500
0.05175781
-0.01123047
0.06250000
0.11328125
-0.13037109
0.13720703
-0.07568359
0.02441406
0.17919922
0.13671875
0.04492188
0.11621094
-0.12646484
-0.19335938
0.17236328
0.02783203
0.01708984
0.28417969
0.03369141
-0.02392578
-0.09277344
0.20703125
-0.01318359
-0.00488281
0.07812500
0.07275391
-0.04541016
0.01806641
0.10400391
0.03271484
-0.04589844
-0.21923828
0.15234375
0.10253906
0.01757812
0.18945312
0.02636719
0.07275391
0.10058594
0.27636719
0.00634766
0.23828125
0.07421875
0.06103516
0.13378906
-0.09130859
0.12451172
0.09765625
0.20654297
0.33007812
0.00244141
0.09814453
0.20751953
0.00683594
-0.05712891
0.12011719
-0.02148438
0.19189453
0.02294922
-0.15625000
0.01220703
0.06201172
0.01953125
0.12695312
0.10937500
0.25000000
0.21435547
0.03320312
0.00244141
0.08154297
-0.08935547
0.05273438
0.14697266
0.10302734
0.10546875
0.07617188
-0.00927734
-0.00341797
0.21777344
0.09521484
0.02294922
0.02636719
0.01367188
0.04541016
0.04052734
0.15429688
0.16699219
0.03076172
0.00634766
-0.06396484
0.04394531
0.01708984
0.12792969
0.08984375
-0.06591797
0.24267578
0.00000000
-0.05175781
0.04248047
0.03417969
0.13427734
0.08496094
0.09912109
-0.07031250
0.13330078
0.21386719
-0.05957031
0.02978516
0.04345703
0.23193359
-0.02978516
0.03466797
0.02246094
0.17187500
0.19580078
0.00146484
0.17333984
0.11572266
0.04199219
0.05371094
0.02441406
0.26660156
-0.01171875
0.12548828
0.04931641
0.22314453
0.01074219
-0.07080078
0.20214844
0.03320312
0.14892578
0.11865234
0.00976562
0.27636719
0.04052734
0.16796875
0.05322266
-0.04345703
0.12597656
0.06201172
0.07373047
0.06640625
0.12597656
0.02099609
0.16357422
0.04882812
0.01513672
0.00439453
0.02978516
-0.09667969
-0.00683594
0.02490234
-0.03613281
0.20605469
0.05566406
0.08593750
0.00634766
0.29687500
-0.05712891
0.01513672
0.09423828
0.08007812
0.01025391
0.02832031
0.04296875
0.21337891
0.16552734
0.15722656
0.06250000
0.08056641
0.05957031
0.14697266
-0.02832031
0.01123047
-0.05468750
0.08789062
0.20947266
0.00634766
-0.02246094
0.05029297
0.01367188
0.06005859
0.08105469
0.06494141
-0.00781250
0.03320312
0.07861328
0.07910156
0.05908203
-0.17089844
0.14160156
0.05712891
-0.01318359
0.03466797
0.00976562
-0.04345703
0.07324219
0.08251953
0.07226562
0.08349609
0.10107422
0.12255859
-0.14550781
0.09960938
0.05322266
-0.00683594
0.01953125
0.05566406
0.08349609
0.31591797
0.10156250
0.20117188
0.03271484
-0.00585938
-0.03857422
-0.02001953
-0.01806641
0.00781250
0.30371094
0.01171875
0.04980469
0.05078125
0.04541016
-0.02832031
-0.08691406
0.07470703
0.06250000
-0.00097656
-0.02001953
0.14062500
-0.02734375
0.05566406
0.14843750
0.11962891
0.02294922
0.03759766
0.08300781
0.06103516
0.11376953
0.06396484
0.13134766
-0.05957031
-0.01171875
0.04931641
-0.00292969
-0.00244141
0.04882812
0.05761719
-0.05957031
0.01269531
0.16308594
0.01123047
0.21386719
-0.11523438
0.04541016
0.09179688
0.08935547
0.12890625
0.11035156
0.04394531
-0.00048828
0.15917969
0.11474609
-0.00927734
-0.01123047
0.13867188
0.05859375
0.16015625
0.12646484
0.28369141
-0.05371094
-0.13623047
0.13378906
0.03613281
0.08154297
0.14746094
0.04589844
0.14941406
-0.02294922
0.09814453
0.07470703
0.04638672
0.00732422
0.30810547
0.13867188
0.18408203
-0.20849609
-0.02197266
0.14111328
0.01904297
0.02587891
-0.03027344
0.04003906
-0.00976562
0.03857422
0.01513672
-0.10498047
0.18750000
0.09033203
0.14746094
0.03320312
0.10253906
0.07226562
0.04101562
0.01611328
0.04833984
0.08105469
0.11230469
0.25488281
0.05468750
0.01611328
0.18945312
0.01855469
0.14111328
0.01464844
0.14746094
-0.01757812
0.15673828
0.01171875
-0.01806641
0.09228516
-0.12939453
-0.08300781
0.03222656
-0.00195312
0.11376953
0.12695312
-0.02685547
0.02783203
0.13720703
-0.04931641
0.02685547
0.06982422
0.20214844
0.03466797
0.19628906
0.02148438
0.07470703
0.14160156
-0.03076172
0.16601562
0.03222656
0.20996094
0.08105469
0.18750000
0.10107422
0.07031250
0.05615234
0.01123047
0.11083984
-0.01611328
0.03906250
0.19921875
0.13037109
0.12109375
-0.15917969
0.14697266
0.17919922
0.13183594
0.16210938
0.07226562
0.10839844
0.03417969
0.00292969
0.06201172
0.06054688
0.03808594
0.13574219
-0.10302734
0.14648438
0.05859375
0.36035156
0.23193359
0.12841797
0.05078125
-0.04248047
-0.03808594
0.13574219
0.08544922
0.07177734
0.11718750
0.03027344
0.02539062
0.33349609
0.09326172
0.02050781
0.13867188
0.11328125
0.12207031
0.22216797
0.02685547
-0.01074219
-0.08984375
0.18750000
0.14599609
0.08544922
-0.03125000
0.19091797
0.00439453
-0.01171875
0.07812500
-0.05761719
0.01611328
0.12890625
0.26464844
0.03027344
0.14355469
0.00585938
-0.06640625
-0.10546875
0.03222656
0.10351562
0.00976562
0.02587891
-0.11572266
0.00195312
0.14257812
0.05615234
-0.04882812
0.10888672
0.07910156
0.23583984
0.22607422
0.09033203
0.08056641
-0.12451172
0.02099609
0.27978516
0.02978516
0.14892578
-0.01171875
0.09814453
-0.27539062
-0.05566406
0.11083984
0.13037109
0.02978516
0.10351562
-0.10986328
0.07617188
0.00830078
-0.06591797
0.07861328
0.08837891
0.11279297
0.11035156
0.02246094
0.12451172
0.14697266
0.17626953
-0.01855469
-0.02050781
0.09521484
-0.01904297
0.15673828
0.18115234
0.15869141
0.22802734
0.12500000
0.03027344
0.02636719
0.10937500
0.24902344
0.16699219
0.02539062
-0.02734375
0.00439453
-0.03076172
0.11572266
0.00195312
0.21337891
0.10742188
0.03466797
0.24023438
0.11621094
0.20654297
0.08935547
0.05029297
0.13623047
0.04492188
0.02490234
0.07080078
-0.00146484
0.20703125
0.10400391
0.30175781
0.11865234
0.16357422
0.13525391
0.14306641
0.08349609
0.02734375
0.20849609
0.12353516
0.08154297
0.14111328
0.01855469
0.08056641
0.13232422
0.18505859
0.17382812
0.10888672
-0.01123047
0.10302734
0.01367188
0.16699219
-0.18310547
0.10205078
0.08105469
0.20068359
-0.02978516
-0.07763672
0.10351562
-0.16943359
0.10009766
0.03857422
-0.06982422
0.00830078
0.14208984
0.02636719
0.02050781
0.26269531
0.10986328
0.17871094
0.06542969
-0.00341797
0.13281250
0.10205078
0.22558594
-0.01660156
0.15039062
0.10839844
0.03564453
0.16308594
0.17529297
0.18896484
0.17041016
0.08300781
0.19970703
0.04541016
0.02294922
0.14453125
0.00732422
-0.03466797
0.02539062
0.12792969
0.08496094
-0.02832031
0.07177734
0.01269531
0.08300781
0.07373047
0.12158203
0.05468750
0.33642578
-0.04882812
0.07910156
0.05273438
0.15136719
-0.05761719
0.00878906
0.04736328
0.11083984
0.04345703
0.02099609
0.18359375
0.04589844
0.11523438
0.12402344
-0.06445312
0.06982422
0.12841797
0.07617188
0.04248047
0.09716797
0.10595703
0.14062500
0.08642578
0.14941406
0.03808594
0.02880859
0.06640625
-0.04541016
0.09570312
-0.00781250
0.04638672
-0.00488281
0.03564453
0.21728516
-0.02343750
0.03955078
0.06005859
-0.04492188
0.07470703
0.00732422
-0.00146484
0.05078125
0.16650391
0.10791016
0.16601562
0.07910156
0.01513672
0.32763672
0.02294922
0.03027344
0.02539062
-0.05810547
0.02734375
0.38427734
0.05419922
0.10449219
0.12646484
0.05859375
0.08251953
-0.03027344
0.04101562
0.30664062
0.19921875
0.08349609
0.12597656
0.00634766
0.08203125
0.07080078
0.07080078
0.06054688
0.26367188
0.14697266
-0.01611328
-0.00146484
-0.03222656
-0.05322266
0.14746094
0.08740234
0.07226562
0.13281250
0.11474609
0.28906250
0.22607422
0.01416016
0.29687500
0.08349609
-0.01269531
0.26513672
0.12744141
0.03613281
0.09033203
-0.15625000
0.05419922
0.18896484
0.06982422
0.17773438
0.03515625
0.13378906
0.11279297
0.03613281
0.02294922
-0.12109375
0.13867188
-0.08593750
0.03906250
0.07226562
0.06347656
0.04394531
-0.12304688
-0.06982422
0.10986328
0.17968750
0.11718750
0.02783203
0.07763672
0.00146484
0.17089844
0.01513672
0.02929688
-0.00244141
0.08691406
0.05468750
-0.02441406
0.11914062
0.11816406
0.03271484
0.03515625
0.22119141
-0.00830078
0.05468750
0.41748047
0.13867188
0.08837891
0.10742188
-0.03271484
-0.07910156
0.07617188
0.00585938
-0.00244141
0.02734375
0.14697266
0.10595703
0.11669922
0.17578125
0.02001953
0.17431641
0.00488281
0.27197266
0.06201172
-0.07958984
0.10644531
0.08203125
0.06933594
0.09619141
0.01171875
0.21679688
-0.00781250
-0.02880859
0.22314453
0.01708984
0.07910156
-0.06494141
-0.00048828
0.05566406
0.11328125
0.24755859
0.10888672
0.20556641
-0.01562500
-0.00976562
0.22265625
0.02050781
-0.00146484
0.04736328
-0.07617188
-0.01855469
0.00000000
0.13085938
0.24365234
0.01123047
0.09326172
0.02343750
-0.24414062
0.12597656
-0.02832031
0.12402344
0.16259766
-0.04101562
-0.07128906
0.02197266
0.09326172
0.09521484
0.00146484
0.09521484
0.09326172
0.24169922
0.02246094
0.03955078
0.12304688
0.14892578
0.07275391
-0.12988281
0.08984375
-0.01416016
0.11572266
-0.02880859
0.16943359
0.00048828
-0.22070312
0.09570312
0.12109375
0.06591797
0.06591797
0.08398438
-0.01513672
0.16015625
0.22851562
0.08496094
0.23779297
0.07617188
0.00244141
0.06689453
0.05664062
0.06445312
0.02685547
0.04541016
0.19921875
0.08398438
0.03417969
0.13623047
0.00976562
0.12109375
0.12207031
0.01757812
0.01269531
0.01513672
0.18652344
0.12451172
0.16064453
0.11328125
-0.00146484
0.09863281
0.06982422
0.10546875
0.07910156
0.13378906
-0.16552734
-0.03759766
0.09082031
0.05566406
0.18554688
0.01123047
0.06933594
-0.19824219
0.03369141
0.26171875
0.11962891
-0.05029297
0.25878906
0.06152344
0.07373047
-0.01220703
0.20849609
0.03759766
0.09912109
-0.06982422
0.11376953
0.09375000
0.02343750
0.04687500
0.12011719
0.00048828
0.04345703
-0.12402344
0.09326172
0.16552734
0.05761719
0.06640625
0.02783203
0.05908203
0.15429688
0.11669922
0.09521484
0.02490234
0.19238281
-0.01513672
-0.00292969
0.14111328
0.15820312
-0.19384766
0.02050781
0.01464844
0.02685547
0.06689453
-0.05419922
-0.09375000
0.07421875
-0.15380859
0.22460938
0.04443359
0.05566406
0.04589844
-0.07568359
0.04345703
-0.02539062
-0.02783203
0.13085938
0.14160156
0.08251953
-0.03369141
0.13574219
0.04052734
0.10302734
0.06396484
-0.06347656
-0.02392578
0.07275391
0.12500000
0.06445312
0.04833984
-0.00927734
-0.07080078
0.02539062
0.11132812
0.20703125
0.18798828
-0.02441406
0.08593750
-0.08886719
0.03857422
0.04150391
0.17529297
0.14892578
0.10839844
0.14746094
0.11914062
-0.08593750
0.02490234
-0.00146484
0.04492188
0.15869141
0.11962891
0.22216797
-0.03271484
0.12451172
0.11767578
0.09814453
-0.12597656
0.08007812
0.00683594
-0.03369141
0.07568359
0.03613281
0.03808594
0.05419922
0.04589844
-0.12060547
0.06054688
0.15771484
0.03466797
0.14990234
0.05761719
0.08642578
-0.00097656
-0.01025391
0.01171875
-0.08593750
0.10351562
-0.18408203
0.04833984
0.03857422
0.12158203
0.10693359
-0.09960938
0.08496094
-0.13378906
0.13037109
0.16308594
0.26318359
-0.09863281
0.08691406
-0.06396484
-0.04931641
0.10302734
0.10986328
0.07617188
0.00146484
0.00976562
0.07714844
0.06884766
0.02343750
0.07031250
-0.03076172
0.00244141
0.20166016
-0.00195312
-0.06054688
-0.06689453
0.01562500
-0.08056641
-0.00976562
0.07861328
-0.01220703
0.04248047
0.09814453
-0.00244141
0.20117188
0.14550781
0.13867188
0.16894531
0.00781250
-0.26611328
0.04980469
0.07568359
0.22070312
-0.02392578
-0.00537109
0.27099609
0.00585938
0.00146484
-0.06591797
0.04052734
0.15332031
0.07275391
0.03125000
0.07470703
-0.14794922
0.04052734
0.00195312
0.03466797
-0.02148438
-0.00244141
0.18896484
0.04296875
0.07324219
0.11132812
0.08886719
0.10156250
0.11181641
0.08007812
0.03955078
0.14990234
0.01074219
0.06054688
0.09912109
0.00927734
0.16210938
0.09912109
0.10205078
-0.10253906
0.13623047
0.00878906
0.13378906
0.00732422
0.08984375
0.08740234
-0.00537109
0.03417969
0.21289062
0.04003906
0.04589844
0.05224609
-0.00634766
-0.00976562
-0.00927734
-0.10742188
0.09423828
-0.01513672
0.13037109
0.02001953
0.04589844
0.04638672
0.00000000
0.09667969
0.00732422
0.11718750
0.07031250
0.07666016
0.06591797
0.16699219
-0.03027344
0.13281250
-0.05957031
0.11035156
-0.07373047
0.01562500
0.03320312
0.07080078
0.11181641
0.03808594
0.09423828
0.10888672
0.36083984
0.06103516
0.16162109
0.06591797
0.02978516
-0.07812500
0.10009766
0.18261719
0.14990234
-0.03271484
0.10839844
-0.07763672
0.01220703
0.09082031
0.22802734
0.08789062
0.00097656
0.25976562
0.30322266
0.12158203
0.07324219
0.12988281
0.02832031
0.08886719
0.15087891
0.06835938
0.01611328
0.08642578
0.33544922
0.00683594
0.07275391
0.05322266
0.05029297
0.15625000
0.09716797
-0.02490234
0.15771484
-0.04785156
0.10742188
0.02246094
0.05322266
0.25097656
0.05322266
0.01220703
0.19873047
0.10791016
0.17578125
0.01513672
0.19824219
0.13037109
0.02978516
0.10351562
0.12451172
0.04687500
0.37695312
0.03125000
0.23046875
0.09863281
0.04638672
-0.05664062
0.14111328
0.07763672
0.02392578
-0.05615234
0.13769531
0.05371094
0.06884766
0.04931641
-0.01123047
0.12792969
0.02490234
-0.00537109
0.10302734
0.08740234
0.06396484
0.00927734
0.12402344
0.14941406
0.06933594
0.02929688
0.12939453
0.06005859
0.06787109
0.17578125
0.20751953
0.34033203
0.18164062
0.12792969
-0.03564453
0.17187500
0.13037109
-0.02636719
0.01464844
-0.01757812
-0.02392578
-0.00439453
0.03857422
0.18750000
0.05322266
0.11865234
-0.10888672
0.00000000
0.02685547
0.01660156
0.11328125
0.08203125
-0.11865234
0.00439453
0.19433594
-0.02832031
0.02929688
0.19531250
0.00439453
0.05566406
0.11914062
0.11523438
-0.05712891
0.28710938
0.09960938
0.01367188
-0.09912109
-0.00732422
0.18115234
-0.09765625
0.12500000
0.06689453
0.09619141
-0.00927734
0.19628906
0.08056641
-0.04882812
-0.03125000
0.11865234
0.05810547
0.03662109
0.01855469
0.00683594
-0.06347656
0.16748047
0.02050781
0.01367188
-0.04101562
0.09228516
0.08447266
0.01953125
0.04541016
-0.04394531
0.09277344
0.04541016
-0.04296875
0.02197266
0.05029297
-0.00195312
0.01953125
0.08154297
0.07519531
0.16503906
0.04296875
0.16845703
-0.02587891
0.05908203
0.00732422
0.15527344
0.06347656
0.12646484
-0.01464844
0.15136719
0.21826172
0.16406250
-0.09765625
0.09033203
0.03759766
-0.06494141
0.09716797
0.10156250
-0.04589844
0.11914062
-0.05273438
0.08886719
0.21923828
0.15136719
0.06347656
0.09130859
0.01025391
0.10839844
0.06152344
0.09228516
0.02587891
0.03320312
0.14111328
0.16943359
0.17187500
0.06250000
0.17431641
0.04052734
0.17480469
0.12939453
0.04199219
0.10351562
0.11914062
0.02734375
-0.01660156
0.05664062
0.10449219
0.11865234
0.08447266
0.12158203
0.17382812
0.14501953
0.02050781
0.02441406
-0.08251953
-0.15429688
0.19238281
0.19921875
0.07958984
-0.02636719
0.15039062
0.14892578
0.14404297
0.09863281
0.01367188
-0.00683594
-0.07763672
0.28466797
0.04345703
0.13476562
0.04199219
-0.16845703
0.02001953
0.21533203
0.10937500
0.03808594
0.00341797
0.15527344
0.02587891
0.03759766
0.21386719
0.03173828
0.19189453
0.08007812
0.14160156
0.11767578
0.18896484
0.17236328
0.11132812
0.18798828
0.17529297
0.28173828
0.02734375
0.02050781
0.09179688
-0.13281250
-0.14794922
-0.00683594
-0.01660156
0.08642578
0.03466797
-0.08154297
0.12792969
0.08544922
0.13232422
0.11572266
0.00537109
0.04785156
0.08398438
0.10449219
-0.06298828
0.14843750
0.05664062
0.05175781
0.10546875
0.07080078
-0.02490234
0.13769531
0.14306641
0.03955078
-0.01220703
0.30615234
0.08251953
0.11035156
-0.02050781
0.15576172
0.07177734
0.02343750
0.01513672
-0.06396484
0.06347656
0.00097656
0.08105469
0.08740234
0.01074219
0.21240234
0.17529297
-0.03710938
0.06591797
0.13281250
-0.01269531
0.08398438
0.18847656
0.09716797
0.04882812
-0.10058594
0.13037109
-0.16796875
0.13916016
0.12011719
0.26562500
0.19189453
0.06250000
0.19677734
0.06250000
-0.03417969
0.03906250
0.12109375
0.05859375
0.19140625
-0.07666016
-0.10156250
0.09082031
-0.02148438
0.15136719
0.06640625
0.01513672
0.17822266
0.12402344
0.29589844
0.05371094
-0.10595703
0.09863281
0.07421875
0.04345703
-0.00683594
-0.18945312
0.18603516
-0.08740234
-0.01074219
0.06005859
0.22216797
0.09521484
0.05859375
0.03125000
0.05322266
0.10644531
0.19433594
0.06835938
0.05810547
0.12792969
0.25488281
0.00878906
0.07568359
-0.07568359
0.15917969
0.18261719
0.10839844
-0.10595703
0.13281250
0.14013672
-0.05908203
0.09375000
0.02978516
0.03076172
0.09912109
-0.00341797
0.18798828
0.22509766
0.12402344
0.18457031
0.12548828
-0.09277344
-0.03027344
0.13183594
0.19335938
0.21191406
0.01025391
0.08544922
0.13134766
-0.01611328
0.07421875
-0.06250000
0.00878906
0.17626953
0.14892578
0.12646484
0.23486328
-0.16113281
0.20556641
-0.02685547
0.00927734
0.08935547
-0.00097656
-0.09033203
0.14843750
0.18017578
-0.02197266
0.07275391
-0.02587891
0.06152344
0.21679688
0.10351562
0.21337891
0.12158203
0.07128906
0.12109375
0.17626953
0.09716797
0.05224609
0.03320312
-0.00781250
0.11083984
0.04638672
-0.05664062
0.08593750
0.01464844
0.03027344
0.17041016
0.01367188
0.09863281
-0.21093750
-0.03564453
0.04394531
-0.02734375
0.05175781
0.16015625
0.16259766
0.02734375
0.04736328
0.00097656
0.01708984
0.04833984
0.23242188
-0.03564453
0.05078125
-0.01123047
0.04541016
-0.00878906
-0.00488281
0.13183594
0.17285156
0.11816406
-0.01757812
0.00195312
0.05468750
0.10937500
0.02587891
0.05029297
0.20703125
0.03222656
0.10937500
-0.14892578
0.21972656
0.05322266
0.17431641
0.14550781
0.15966797
-0.00537109
0.13867188
0.17089844
0.10546875
-0.00097656
0.04296875
0.00048828
0.10791016
0.02685547
0.07861328
0.10205078
0.17089844
-0.01171875
-0.07812500
0.25244141
0.30273438
0.04785156
0.04687500
0.12402344
0.15429688
0.12695312
0.03417969
0.02685547
0.08447266
-0.05468750
0.18017578
0.21777344
0.15380859
0.01953125
0.03613281
-0.03320312
0.20654297
0.01025391
0.02343750
0.10937500
0.08789062
-0.00683594
0.00830078
0.18212891
0.07226562
0.31298828
-0.08447266
0.03808594
0.18554688
0.07958984
0.08105469
-0.07910156
0.07031250
0.09765625
0.04052734
0.04394531
0.18994141
0.08447266
-0.05322266
0.20458984
0.15527344
-0.01660156
0.13964844
-0.03222656
-0.00048828
0.08300781
0.18505859
0.04833984
0.04785156
0.08496094
-0.25292969
0.20312500
-0.00146484
-0.04052734
-0.02880859
-0.03613281
0.09423828
0.15429688
-0.04248047
0.09863281
0.09765625
0.06738281
-0.03173828
0.14160156
-0.02392578
0.04199219
0.15185547
0.25976562
0.22167969
0.07128906
0.06787109
-0.02490234
0.08691406
0.29687500
0.02880859
0.17187500
0.08886719
0.02197266
0.10742188
0.04003906
0.03564453
0.03222656
0.01904297
0.10156250
0.05322266
0.28759766
0.18261719
0.07324219
-0.02587891
-0.13964844
0.03369141
0.08251953
0.07666016
0.12744141
0.09179688
0.09423828
0.08154297
-0.05029297
0.14013672
0.04882812
0.20068359
0.07421875
-0.10253906
0.08496094
0.02246094
0.13330078
0.07324219
-0.18066406
0.07617188
-0.01025391
-0.03076172
0.06494141
0.06005859
-0.04003906
-0.01367188
0.02050781
0.11035156
-0.14746094
0.05371094
0.05029297
0.00000000
0.04638672
0.07763672
0.07080078
0.05175781
0.07617188
0.05664062
-0.03759766
0.23828125
-0.05664062
0.16406250
0.12207031
0.04199219
0.00830078
0.06591797
0.07031250
0.18017578
-0.01074219
-0.14306641
0.01416016
0.08544922
0.15869141
0.14941406
0.03906250
0.00244141
-0.08544922
-0.10546875
-0.08544922
0.16308594
-0.00244141
0.27734375
-0.10839844
0.19628906
0.14013672
0.06250000
-0.17919922
0.14208984
0.16259766
0.08154297
-0.02685547
-0.04248047
0.11328125
-0.02685547
0.02880859
0.09521484
0.23291016
0.08300781
0.21191406
0.14013672
-0.00097656
-0.01953125
0.05615234
0.14501953
0.05908203
0.24462891
0.04394531
0.12548828
0.04492188
0.18945312
0.21923828
0.04589844
0.13232422
0.01416016
0.11328125
0.12304688
0.14697266
0.04589844
0.14062500
-0.04589844
0.01757812
0.11816406
0.13964844
-0.03466797
0.10937500
0.05517578
0.23535156
0.01367188
-0.02148438
0.04833984
0.02978516
0.23388672
0.20751953
0.01855469
0.05078125
-0.05419922
-0.09960938
0.19238281
0.14062500
0.12792969
0.15576172
0.04443359
0.14013672
0.00292969
0.01904297
0.07226562
-0.01708984
0.02392578
0.03417969
0.01074219
0.19628906
-0.12646484
0.17285156
0.02441406
0.00390625
0.07080078
0.02929688
0.02343750
-0.00927734
0.20947266
0.00878906
0.23291016
-0.02294922
0.23583984
-0.00244141
0.15625000
-0.08007812
0.04394531
0.15429688
0.19091797
-0.06542969
0.12255859
-0.11083984
0.03515625
0.19921875
-0.01220703
-0.04833984
0.03320312
-0.02783203
0.21289062
0.10351562
0.04052734
0.00390625
-0.04833984
-0.06787109
-0.06005859
0.12597656
0.09814453
0.15478516
-0.03955078
0.03613281
0.02441406
-0.04931641
0.07080078
0.22705078
0.06103516
0.05761719
0.05615234
-0.04882812
0.12695312
0.11718750
-0.03515625
-0.03320312
0.08105469
0.20068359
0.11865234
-0.04541016
-0.00488281
-0.00781250
-0.03369141
0.12500000
0.00488281
0.04785156
0.08837891
0.07763672
-0.08496094
0.01416016
0.00488281
0.25390625
0.09863281
0.06054688
0.08300781
0.21142578
0.15234375
0.10937500
0.04541016
0.03613281
-0.06933594
0.01513672
0.14013672
0.09667969
0.03662109
0.21240234
0.01904297
-0.06835938
0.15576172
0.07373047
0.14941406
0.06396484
-0.00976562
0.16455078
0.13427734
0.03027344
0.05761719
0.12548828
0.03759766
0.19873047
-0.07763672
0.13037109
0.03222656
0.27832031
0.02490234
0.21972656
0.08203125
-0.14648438
0.12500000
0.06787109
0.21044922
0.00292969
0.21289062
0.18017578
0.00927734
0.04931641
0.13476562
0.14257812
0.14453125
0.06591797
0.04345703
-0.00585938
-0.02343750
0.05224609
0.01708984
0.04003906
0.08740234
0.05957031
0.02050781
-0.01123047
0.01464844
0.03222656
0.00488281
-0.01513672
0.06250000
0.09912109
0.02246094
0.11279297
0.11962891
0.04638672
0.02294922
0.05078125
-0.05322266
-0.04248047
-0.08300781
0.21093750
0.08691406
0.00585938
0.01367188
-0.09619141
0.07080078
0.12109375
0.05419922
0.01757812
0.09082031
0.06835938
0.01269531
0.09521484
-0.16455078
-0.02539062
-0.00097656
0.09960938
0.07958984
0.00585938
0.07226562
0.02197266
0.11669922
0.09033203
-0.13574219
0.08251953
-0.04833984
0.10400391
0.09082031
-0.02050781
0.11035156
0.13720703
0.07128906
0.12011719
0.02392578
0.10009766
0.07080078
0.05957031
0.21191406
-0.02148438
0.08203125
0.20263672
0.16552734
0.20410156
-0.03759766
0.19824219
0.02880859
0.15869141
0.39648438
0.10644531
0.07080078
-0.01562500
0.07714844
0.00244141
0.15185547
-0.00390625
-0.01367188
0.03173828
0.06347656
-0.00341797
0.15917969
0.03076172
0.12207031
0.09277344
0.11279297
0.07519531
0.04736328
0.15380859
0.38574219
0.05615234
0.02783203
0.01416016
-0.03564453
0.11914062
0.04492188
0.12500000
0.37207031
0.16992188
0.11962891
0.16601562
-0.01220703
0.08007812
0.08398438
-0.01562500
0.06347656
0.13183594
0.11914062
0.01074219
0.03613281
0.08300781
-0.03564453
0.03369141
0.01904297
0.00878906
0.18750000
0.08642578
0.21875000
-0.02099609
0.04638672
0.10888672
-0.01660156
0.07714844
0.12255859
0.10546875
0.14111328
0.09912109
0.10693359
0.07812500
0.00927734
0.34033203
0.16992188
0.16357422
-0.01806641
0.04248047
-0.04589844
0.01416016
0.16699219
0.01904297
-0.02001953
0.00244141
0.04492188
-0.01855469
0.16259766
0.05761719
0.17431641
-0.04296875
0.15380859
0.01660156
0.33349609
0.06542969
0.25244141
-0.02246094
0.10351562
-0.07763672
0.06396484
0.13769531
0.19580078
0.08544922
-0.02880859
0.21533203
0.05761719
0.08056641
0.22949219
0.05908203
-0.03466797
-0.07861328
-0.04541016
0.21923828
-0.09082031
0.15771484
0.06494141
0.17529297
0.03759766
0.00927734
-0.02832031
0.03857422
0.09130859
-0.01367188
0.01416016
0.06201172
0.12597656
0.03271484
0.08447266
-0.03320312
-0.06054688
0.09228516
0.05859375
0.04541016
0.11376953
0.00195312
0.07910156
0.09423828
0.18359375
0.09619141
0.02783203
0.21142578
-0.02001953
0.09375000
0.03466797
0.12158203
-0.03027344
-0.03417969
0.04736328
-0.05175781
-0.14306641
0.03320312
0.25390625
-0.10839844
0.11376953
0.14746094
0.02490234
-0.09423828
0.07666016
0.00830078
0.20654297
-0.02783203
0.00244141
0.02099609
0.19824219
0.08984375
0.13085938
0.02880859
0.12500000
0.10400391
0.05175781
0.04541016
-0.02392578
0.02929688
0.06738281
0.34423828
0.11035156
0.10498047
0.09082031
0.29736328
-0.01269531
-0.01025391
0.06884766
0.23388672
0.16308594
-0.07763672
0.01367188
0.09423828
0.13769531
0.04541016
-0.01416016
-0.09667969
-0.00292969
-0.02148438
-0.02099609
0.02978516
0.23193359
0.07031250
0.12109375
0.02148438
0.00048828
0.20996094
-0.05908203
-0.02294922
0.15722656
0.04101562
0.12353516
-0.05664062
-0.05664062
0.03759766
0.06933594
0.04687500
0.04541016
-0.11621094
0.01074219
0.06201172
0.04003906
0.05371094
0.08251953
0.01562500
-0.01708984
0.14501953
0.02050781
0.07128906
0.16064453
-0.01171875
-0.00537109
-0.02392578
0.14990234
0.09228516
0.01855469
0.05957031
-0.11376953
0.02587891
0.11425781
0.09033203
-0.06738281
0.06103516
0.01171875
0.08154297
0.05615234
0.06835938
0.14892578
0.04589844
0.12011719
0.07226562
0.12988281
0.07714844
-0.00292969
0.05224609
0.18164062
-0.09814453
0.01074219
-0.01953125
0.02880859
-0.01660156
0.05908203
0.04687500
0.29345703
0.15039062
0.01464844
0.05322266
0.00537109
0.15039062
0.03906250
0.16308594
-0.07373047
0.07568359
0.07470703
-0.06201172
0.09912109
-0.00146484
0.02734375
-0.13037109
0.23583984
0.23242188
0.04150391
0.13378906
0.17431641
0.07373047
-0.00927734
0.13037109
0.00634766
-0.02685547
0.00781250
0.00927734
0.12695312
0.05273438
0.12060547
0.10058594
-0.02001953
-0.07373047
0.31542969
0.11083984
0.00292969
0.18408203
0.21728516
-0.11523438
-0.00292969
0.14941406
0.12548828
0.00488281
0.19482422
-0.07275391
0.18505859
0.08691406
0.12451172
0.23974609
0.01513672
0.10937500
0.07763672
0.04541016
0.01855469
0.02636719
0.14257812
0.11718750
0.13281250
-0.05468750
0.20556641
-0.01953125
0.19726562
0.07763672
0.12939453
0.03906250
0.04003906
0.11865234
0.21972656
-0.07812500
-0.10986328
0.05517578
0.00488281
0.20849609
-0.01074219
-0.00683594
0.05322266
0.00830078
0.29101562
0.10986328
0.18408203
0.10986328
0.11083984
0.03222656
0.05078125
0.19482422
-0.01318359
0.07714844
0.17187500
0.15478516
0.02197266
0.12402344
0.11328125
-0.00146484
0.02636719
0.23730469
0.04003906
-0.00781250
0.07275391
0.15673828
-0.00341797
0.04150391
0.01708984
-0.02148438
0.02539062
0.04638672
0.17480469
0.16308594
0.11572266
0.19921875
0.06298828
0.09619141
-0.04443359
0.17089844
-0.13330078
0.07763672
0.25244141
0.29931641
-0.04345703
0.13037109
0.07763672
0.02929688
0.07275391
0.23828125
0.08251953
-0.05029297
-0.10400391
0.06298828
0.19628906
0.03662109
0.13378906
0.16992188
0.03417969
0.06445312
0.10546875
0.06787109
0.02636719
-0.05419922
0.02294922
0.09960938
-0.10302734
-0.04150391
0.03955078
0.16943359
0.03613281
-0.08154297
0.05761719
0.16894531
-0.02246094
-0.04150391
0.13037109
0.03417969
0.12402344
0.00830078
0.01513672
0.18505859
0.04980469
0.04394531
0.10400391
0.11425781
0.15820312
-0.04150391
0.08007812
0.08691406
0.03222656
0.22900391
0.04882812
0.07861328
0.03271484
0.08007812
0.27734375
0.01171875
0.07324219
0.01367188
0.17578125
0.06494141
0.10839844
0.07666016
0.02539062
-0.04394531
0.05761719
0.06054688
0.09472656
0.10937500
0.14941406
0.04541016
-0.07275391
0.09130859
0.11181641
0.15673828
0.01660156
0.09228516
0.01074219
0.00781250
0.14892578
0.16308594
0.35351562
0.05810547
0.10595703
0.08544922
0.19628906
0.16748047
-0.23095703
0.08984375
0.00830078
0.02001953
0.13916016
-0.02636719
0.12255859
0.31103516
0.13867188
-0.01318359
0.05029297
0.13183594
0.22753906
0.14892578
0.08886719
0.03564453
0.07226562
0.19042969
0.16162109
0.05517578
0.05419922
0.02392578
0.17431641
0.09716797
0.08544922
0.13623047
0.11230469
0.17285156
0.00146484
0.06787109
0.04833984
-0.02294922
-0.01611328
0.03417969
-0.04785156
0.11816406
-0.03369141
0.05615234
0.05224609
0.00927734
0.14160156
0.08056641
0.00146484
0.00878906
0.10156250
0.11914062
0.05810547
0.15380859
0.15429688
-0.02441406
0.24755859
-0.02685547
-0.11767578
-0.02929688
0.14208984
0.14257812
0.01708984
0.16796875
0.07080078
0.12109375
-0.08349609
0.00732422
0.12597656
0.12744141
0.07910156
0.22949219
-0.04052734
0.06542969
-0.03906250
0.11376953
-0.00683594
0.07958984
0.15771484
0.04980469
0.12011719
0.05419922
0.10351562
0.06250000
0.20800781
-0.02734375
-0.07763672
0.16455078
0.01025391
0.11718750
0.03662109
0.16406250
0.04150391
0.04687500
0.03271484
0.25976562
0.08251953
0.09960938
0.14941406
0.01318359
0.20019531
-0.03125000
-0.04248047
0.03076172
-0.00781250
0.11816406
-0.00488281
0.09423828
0.08447266
0.12255859
0.12646484
0.09326172
0.14111328
-0.06884766
0.06689453
0.04833984
0.07861328
0.19335938
-0.12890625
-0.03222656
0.12890625
0.17919922
0.01074219
0.22412109
-0.04199219
-0.05566406
0.07763672
-0.08935547
0.00830078
0.05078125
0.16113281
0.06250000
0.08203125
-0.08300781
0.04345703
0.13134766
0.22460938
0.06787109
-0.03222656
0.26904297
0.09521484
0.33007812
0.02246094
0.10644531
-0.03027344
0.23193359
-0.16943359
0.08349609
0.26074219
0.04101562
0.11816406
0.19921875
-0.00341797
0.14843750
0.01269531
0.00146484
-0.07275391
0.04150391
0.04833984
-0.05761719
0.01074219
0.14843750
0.01904297
0.16308594
0.00000000
0.06738281
0.11572266
0.07666016
0.09912109
-0.09765625
0.06884766
0.03027344
0.12841797
-0.02392578
0.09179688
0.17236328
0.16308594
0.07910156
0.09130859
0.08740234
-0.09521484
-0.01074219
0.15673828
0.07666016
-0.00976562
-0.01123047
0.03027344
0.09765625
0.19433594
0.23486328
0.13525391
0.08300781
0.12988281
0.16601562
0.02197266
-0.04003906
0.11816406
0.01367188
0.03515625
-0.02343750
0.23779297
0.16503906
0.00000000
-0.03466797
0.03320312
-0.00781250
0.01904297
0.01953125
0.15625000
0.06396484
-0.02148438
0.12646484
0.01904297
0.03955078
0.12988281
-0.01757812
0.05175781
0.10058594
0.25537109
0.04785156
-0.01464844
0.05224609
0.01074219
0.17626953
0.09228516
0.16796875
0.25976562
0.07714844
-0.04199219
0.23632812
-0.01269531
0.08593750
0.09667969
0.07470703
-0.00781250
0.05126953
0.00488281
0.00634766
0.02197266
0.20996094
-0.03955078
0.21533203
-0.01513672
0.09326172
-0.02001953
-0.11914062
-0.01660156
0.21484375
-0.09814453
0.07226562
